(1, 1, 7, 5.385164807134504)
(1, 1, 10, 2.0)
(1, 1, 15, 1.0)
(1, 1, 19, 6.324555320336759)
(2, 1, 3, 6.4031242374328485)
(2, 1, 10, 2.23606797749979)
(2, 1, 17, 6.0)
(2, 1, 20, 4.123105625617661)
(3, 1, 3, 5.656854249492381)
(3, 1, 5, 5.0990195135927845)
(3, 1, 10, 1.4142135623730951)
(3, 1, 13, 4.0)
(3, 1, 14, 4.242640687119285)
(3, 1, 15, 1.4142135623730951)
(3, 1, 16, 2.23606797749979)
(3, 1, 17, 5.385164807134504)
(3, 1, 18, 3.1622776601683795)
(3, 1, 20, 5.385164807134504)
(4, 1, 3, 6.324555320336759)
(4, 1, 4, 6.082762530298219)
(4, 1, 5, 5.0)
(4, 1, 7, 5.0)
(4, 1, 10, 2.0)
(4, 1, 15, 3.0)
(4, 1, 17, 5.0990195135927845)
(4, 1, 18, 4.242640687119285)
(4, 1, 19, 6.324555320336759)
(5, 1, 10, 2.0)
(5, 1, 13, 6.4031242374328485)
(5, 1, 15, 2.8284271247461903)
(5, 1, 16, 2.0)
(6, 1, 16, 2.0)
(7, 1, 10, 2.23606797749979)
(7, 1, 13, 4.47213595499958)
(7, 1, 15, 3.605551275463989)
(7, 1, 16, 1.4142135623730951)
(7, 1, 18, 6.4031242374328485)
(8, 1, 10, 2.23606797749979)
(8, 1, 15, 2.0)
(8, 1, 16, 2.0)
(8, 1, 17, 6.4031242374328485)
(8, 1, 18, 5.656854249492381)
(8, 1, 19, 5.385164807134504)
(9, 1, 10, 3.0)
(9, 1, 15, 4.47213595499958)
(9, 1, 16, 2.0)
(9, 1, 18, 4.0)
(10, 1, 10, 2.23606797749979)
(10, 1, 13, 4.123105625617661)
(10, 1, 16, 1.4142135623730951)
(10, 1, 17, 5.0990195135927845)
(10, 1, 20, 6.082762530298219)
(10, 1, 21, 5.830951894845301)
(11, 1, 5, 4.0)
(11, 1, 10, 1.4142135623730951)
(11, 1, 13, 2.8284271247461903)
(11, 1, 15, 6.082762530298219)
(11, 1, 16, 5.830951894845301)
(11, 1, 17, 4.47213595499958)
(11, 1, 18, 4.47213595499958)
(11, 1, 19, 3.1622776601683795)
(11, 1, 20, 5.385164807134504)
(12, 1, 6, 5.830951894845301)
(12, 1, 8, 4.47213595499958)
(12, 1, 10, 2.23606797749979)
(12, 1, 14, 6.082762530298219)
(12, 1, 15, 4.123105625617661)
(12, 1, 16, 4.123105625617661)
(12, 1, 17, 6.4031242374328485)
(12, 1, 18, 5.0)
(12, 1, 19, 4.0)
(12, 1, 20, 6.082762530298219)
(13, 1, 3, 4.123105625617661)
(13, 1, 5, 5.0)
(13, 1, 6, 4.47213595499958)
(13, 1, 10, 2.23606797749979)
(13, 1, 13, 4.0)
(13, 1, 16, 4.0)
(13, 1, 17, 2.8284271247461903)
(13, 1, 18, 5.0990195135927845)
(13, 1, 19, 6.082762530298219)
(13, 1, 21, 6.4031242374328485)
(14, 1, 6, 5.0990195135927845)
(14, 1, 8, 2.8284271247461903)
(14, 1, 10, 2.23606797749979)
(14, 1, 11, 3.605551275463989)
(14, 1, 13, 3.0)
(14, 1, 16, 5.385164807134504)
(14, 1, 17, 5.0)
(14, 1, 18, 5.0)
(14, 1, 19, 3.605551275463989)
(15, 1, 3, 5.0990195135927845)
(15, 1, 5, 6.4031242374328485)
(15, 1, 10, 2.0)
(15, 1, 13, 5.0)
(15, 1, 16, 2.23606797749979)
(15, 1, 17, 4.242640687119285)
(15, 1, 18, 5.0)
(15, 1, 19, 5.656854249492381)
(15, 1, 21, 3.0)
(16, 1, 3, 6.082762530298219)
(16, 1, 5, 2.0)
(16, 1, 10, 2.0)
(16, 1, 11, 2.8284271247461903)
(16, 1, 13, 4.242640687119285)
(16, 1, 16, 5.385164807134504)
(16, 1, 17, 5.0)
(16, 1, 18, 5.0)
(16, 1, 19, 4.123105625617661)
(17, 1, 3, 3.1622776601683795)
(17, 1, 5, 5.385164807134504)
(17, 1, 7, 5.0)
(17, 1, 10, 2.8284271247461903)
(17, 1, 11, 2.8284271247461903)
(17, 1, 13, 5.0)
(17, 1, 18, 4.47213595499958)
(17, 1, 19, 2.0)
(17, 1, 21, 4.47213595499958)
(18, 1, 3, 3.605551275463989)
(18, 1, 5, 4.242640687119285)
(18, 1, 10, 2.0)
(18, 1, 13, 5.385164807134504)
(18, 1, 17, 5.0)
(18, 1, 18, 5.0)
(18, 1, 19, 6.0)
(19, 1, 5, 6.324555320336759)
(19, 1, 7, 6.0)
(19, 1, 10, 2.8284271247461903)
(19, 1, 11, 3.0)
(19, 1, 13, 3.1622776601683795)
(19, 1, 17, 5.0)
(19, 1, 18, 3.0)
(19, 1, 19, 5.0990195135927845)
(20, 1, 3, 2.23606797749979)
(20, 1, 5, 4.123105625617661)
(20, 1, 7, 5.0990195135927845)
(20, 1, 13, 3.0)
(20, 1, 17, 6.324555320336759)
(20, 1, 18, 5.0)
(20, 1, 19, 4.123105625617661)
(21, 1, 3, 3.0)
(21, 1, 5, 5.0)
(21, 1, 7, 4.0)
(21, 1, 10, 2.0)
(21, 1, 11, 3.0)
(21, 1, 18, 6.0)
(22, 1, 5, 6.4031242374328485)
(22, 1, 7, 4.123105625617661)
(22, 1, 10, 2.8284271247461903)
(22, 1, 11, 2.8284271247461903)
(22, 1, 17, 4.0)
(22, 1, 18, 5.385164807134504)
(22, 1, 19, 6.324555320336759)
(23, 1, 10, 3.1622776601683795)
(23, 1, 11, 4.242640687119285)
(23, 1, 18, 6.0)
(23, 1, 19, 6.4031242374328485)
(24, 1, 3, 6.082762530298219)
(24, 1, 5, 3.0)
(24, 1, 10, 3.0)
(24, 1, 11, 2.0)
(24, 1, 16, 6.324555320336759)
(24, 1, 17, 6.4031242374328485)
(24, 1, 18, 3.605551275463989)
(24, 1, 19, 5.385164807134504)
(25, 1, 5, 5.385164807134504)
(25, 1, 10, 3.605551275463989)
(25, 1, 11, 5.830951894845301)
(25, 1, 16, 5.385164807134504)
(25, 1, 17, 5.830951894845301)
(25, 1, 18, 3.605551275463989)
(26, 1, 3, 2.0)
(26, 1, 5, 2.8284271247461903)
(26, 1, 7, 4.47213595499958)
(26, 1, 10, 2.0)
(26, 1, 11, 4.0)
(26, 1, 16, 2.23606797749979)
(26, 1, 17, 2.0)
(26, 1, 18, 4.123105625617661)
(1, 2, 3, 6.324555320336759)
(1, 2, 4, 5.385164807134504)
(1, 2, 10, 3.0)
(1, 2, 15, 5.0)
(2, 2, 10, 5.0990195135927845)
(2, 2, 15, 5.0)
(3, 2, 4, 5.656854249492381)
(3, 2, 10, 3.605551275463989)
(3, 2, 15, 4.47213595499958)
(4, 2, 4, 5.830951894845301)
(4, 2, 10, 4.123105625617661)
(4, 2, 15, 4.47213595499958)
(5, 2, 4, 6.4031242374328485)
(5, 2, 10, 5.0990195135927845)
(5, 2, 15, 4.47213595499958)
(7, 2, 10, 3.1622776601683795)
(8, 2, 10, 4.242640687119285)
(9, 2, 10, 3.605551275463989)
(10, 2, 10, 5.385164807134504)
(11, 2, 10, 6.082762530298219)
(12, 2, 10, 6.082762530298219)
(13, 2, 10, 5.385164807134504)
(15, 2, 10, 5.0990195135927845)
(16, 2, 10, 5.0)
(17, 2, 10, 6.324555320336759)
(18, 2, 10, 4.47213595499958)
(24, 2, 10, 3.605551275463989)
(25, 2, 10, 4.47213595499958)
(26, 2, 10, 3.1622776601683795)
(1, 3, 2, 1.4142135623730951)
(1, 3, 4, 1.4142135623730951)
(1, 3, 7, 2.23606797749979)
(1, 3, 13, 1.0)
(1, 3, 17, 6.082762530298219)
(2, 3, 1, 1.4142135623730951)
(2, 3, 4, 1.4142135623730951)
(2, 3, 7, 2.23606797749979)
(2, 3, 10, 1.0)
(2, 3, 13, 1.0)
(2, 3, 17, 2.0)
(2, 3, 19, 1.4142135623730951)
(3, 3, 1, 2.23606797749979)
(3, 3, 4, 1.0)
(3, 3, 7, 1.4142135623730951)
(3, 3, 10, 1.0)
(3, 3, 13, 1.0)
(3, 3, 17, 2.0)
(3, 3, 19, 1.4142135623730951)
(3, 3, 20, 1.4142135623730951)
(4, 3, 1, 2.23606797749979)
(4, 3, 4, 1.0)
(4, 3, 5, 2.8284271247461903)
(4, 3, 10, 1.4142135623730951)
(4, 3, 13, 1.0)
(4, 3, 17, 2.0)
(4, 3, 19, 1.4142135623730951)
(4, 3, 20, 2.23606797749979)
(5, 3, 4, 1.4142135623730951)
(5, 3, 7, 2.0)
(5, 3, 10, 2.0)
(5, 3, 13, 3.1622776601683795)
(5, 3, 17, 4.0)
(5, 3, 19, 3.0)
(5, 3, 20, 6.324555320336759)
(6, 3, 4, 3.0)
(6, 3, 5, 5.0)
(6, 3, 7, 2.8284271247461903)
(6, 3, 12, 5.0)
(6, 3, 16, 5.385164807134504)
(7, 3, 4, 2.23606797749979)
(7, 3, 10, 2.0)
(7, 3, 13, 2.23606797749979)
(7, 3, 17, 3.1622776601683795)
(8, 3, 4, 3.1622776601683795)
(8, 3, 5, 4.242640687119285)
(8, 3, 13, 2.8284271247461903)
(8, 3, 17, 6.082762530298219)
(9, 3, 4, 3.0)
(9, 3, 5, 6.082762530298219)
(9, 3, 10, 2.23606797749979)
(9, 3, 13, 3.1622776601683795)
(9, 3, 17, 5.0)
(10, 3, 4, 1.4142135623730951)
(10, 3, 13, 1.4142135623730951)
(10, 3, 16, 6.4031242374328485)
(10, 3, 17, 4.242640687119285)
(11, 3, 5, 3.605551275463989)
(11, 3, 19, 4.123105625617661)
(12, 3, 4, 1.0)
(12, 3, 7, 5.385164807134504)
(12, 3, 13, 1.0)
(12, 3, 17, 3.605551275463989)
(12, 3, 19, 5.0990195135927845)
(13, 3, 1, 4.0)
(13, 3, 4, 3.605551275463989)
(13, 3, 5, 4.47213595499958)
(13, 3, 10, 1.0)
(13, 3, 13, 2.0)
(13, 3, 17, 5.0)
(13, 3, 19, 5.830951894845301)
(14, 3, 4, 2.23606797749979)
(14, 3, 5, 3.605551275463989)
(14, 3, 10, 2.0)
(14, 3, 13, 2.0)
(14, 3, 17, 3.1622776601683795)
(14, 3, 19, 3.605551275463989)
(15, 3, 1, 2.8284271247461903)
(15, 3, 4, 2.23606797749979)
(15, 3, 5, 3.605551275463989)
(15, 3, 10, 2.23606797749979)
(15, 3, 13, 2.23606797749979)
(15, 3, 17, 3.1622776601683795)
(15, 3, 19, 3.1622776601683795)
(16, 3, 1, 3.1622776601683795)
(16, 3, 5, 3.1622776601683795)
(16, 3, 7, 5.0)
(16, 3, 10, 2.0)
(16, 3, 13, 3.605551275463989)
(16, 3, 17, 2.8284271247461903)
(16, 3, 19, 3.1622776601683795)
(17, 3, 1, 3.1622776601683795)
(17, 3, 4, 2.23606797749979)
(17, 3, 5, 3.605551275463989)
(17, 3, 7, 3.605551275463989)
(17, 3, 13, 2.23606797749979)
(17, 3, 17, 4.0)
(17, 3, 19, 3.1622776601683795)
(18, 3, 1, 4.0)
(18, 3, 4, 3.605551275463989)
(18, 3, 5, 5.385164807134504)
(18, 3, 7, 5.656854249492381)
(18, 3, 10, 3.605551275463989)
(18, 3, 13, 3.605551275463989)
(18, 3, 17, 4.0)
(18, 3, 19, 4.47213595499958)
(19, 3, 5, 6.0)
(19, 3, 13, 2.8284271247461903)
(19, 3, 17, 4.47213595499958)
(19, 3, 19, 4.242640687119285)
(20, 3, 1, 2.8284271247461903)
(20, 3, 4, 3.1622776601683795)
(20, 3, 13, 4.47213595499958)
(20, 3, 17, 5.0)
(20, 3, 19, 2.23606797749979)
(21, 3, 1, 3.0)
(21, 3, 4, 2.23606797749979)
(21, 3, 5, 5.0)
(21, 3, 10, 2.8284271247461903)
(21, 3, 13, 2.23606797749979)
(21, 3, 17, 3.605551275463989)
(21, 3, 19, 4.242640687119285)
(22, 3, 5, 4.123105625617661)
(22, 3, 10, 2.23606797749979)
(22, 3, 17, 4.242640687119285)
(22, 3, 19, 4.47213595499958)
(23, 3, 4, 2.23606797749979)
(23, 3, 5, 4.123105625617661)
(23, 3, 7, 4.47213595499958)
(23, 3, 10, 2.8284271247461903)
(23, 3, 13, 2.23606797749979)
(23, 3, 17, 4.242640687119285)
(24, 3, 1, 2.23606797749979)
(24, 3, 4, 3.605551275463989)
(24, 3, 5, 5.0)
(24, 3, 10, 2.23606797749979)
(24, 3, 13, 3.1622776601683795)
(24, 3, 17, 5.0)
(24, 3, 19, 4.123105625617661)
(25, 3, 4, 3.1622776601683795)
(25, 3, 5, 6.0)
(25, 3, 10, 2.8284271247461903)
(25, 3, 17, 5.0)
(25, 3, 19, 4.47213595499958)
(26, 3, 1, 5.0990195135927845)
(26, 3, 13, 5.0990195135927845)
(26, 3, 17, 6.0)
(1, 4, 2, 3.0)
(1, 4, 3, 3.605551275463989)
(1, 4, 7, 2.0)
(1, 4, 10, 4.123105625617661)
(1, 4, 12, 6.324555320336759)
(1, 4, 13, 4.242640687119285)
(2, 4, 3, 2.23606797749979)
(2, 4, 7, 2.23606797749979)
(2, 4, 10, 2.0)
(2, 4, 12, 5.0)
(2, 4, 13, 3.605551275463989)
(2, 4, 19, 5.0990195135927845)
(3, 4, 2, 4.242640687119285)
(3, 4, 3, 2.23606797749979)
(3, 4, 5, 5.385164807134504)
(3, 4, 7, 2.0)
(3, 4, 10, 2.8284271247461903)
(3, 4, 12, 5.0)
(3, 4, 13, 4.123105625617661)
(3, 4, 17, 5.0990195135927845)
(3, 4, 20, 5.656854249492381)
(4, 4, 1, 5.830951894845301)
(4, 4, 2, 2.8284271247461903)
(4, 4, 3, 2.23606797749979)
(4, 4, 5, 5.656854249492381)
(4, 4, 7, 2.0)
(4, 4, 10, 2.0)
(4, 4, 12, 4.242640687119285)
(4, 4, 13, 3.1622776601683795)
(4, 4, 17, 5.830951894845301)
(4, 4, 19, 4.123105625617661)
(5, 4, 2, 3.605551275463989)
(5, 4, 3, 2.23606797749979)
(5, 4, 7, 2.23606797749979)
(5, 4, 9, 4.242640687119285)
(5, 4, 10, 2.8284271247461903)
(5, 4, 13, 2.8284271247461903)
(5, 4, 19, 4.123105625617661)
(5, 4, 20, 5.385164807134504)
(6, 4, 3, 3.1622776601683795)
(6, 4, 5, 6.4031242374328485)
(6, 4, 7, 3.605551275463989)
(6, 4, 12, 5.0990195135927845)
(6, 4, 18, 5.385164807134504)
(7, 4, 3, 3.0)
(7, 4, 5, 6.4031242374328485)
(7, 4, 7, 4.123105625617661)
(7, 4, 10, 3.605551275463989)
(7, 4, 12, 4.123105625617661)
(7, 4, 13, 3.0)
(7, 4, 17, 5.830951894845301)
(7, 4, 19, 4.47213595499958)
(8, 4, 3, 2.23606797749979)
(8, 4, 5, 5.0990195135927845)
(8, 4, 9, 3.1622776601683795)
(8, 4, 12, 5.385164807134504)
(8, 4, 13, 5.0)
(8, 4, 15, 3.605551275463989)
(8, 4, 17, 3.605551275463989)
(8, 4, 19, 4.47213595499958)
(9, 4, 3, 2.23606797749979)
(9, 4, 5, 6.082762530298219)
(9, 4, 9, 5.830951894845301)
(9, 4, 13, 2.23606797749979)
(9, 4, 16, 5.0)
(9, 4, 17, 5.385164807134504)
(9, 4, 19, 2.23606797749979)
(10, 4, 3, 2.0)
(10, 4, 5, 5.0990195135927845)
(10, 4, 9, 2.23606797749979)
(10, 4, 13, 2.8284271247461903)
(10, 4, 17, 2.23606797749979)
(11, 4, 5, 4.0)
(11, 4, 7, 3.605551275463989)
(11, 4, 10, 4.47213595499958)
(11, 4, 12, 5.0)
(11, 4, 13, 4.123105625617661)
(11, 4, 17, 6.4031242374328485)
(12, 4, 3, 2.23606797749979)
(12, 4, 5, 6.4031242374328485)
(12, 4, 9, 3.1622776601683795)
(12, 4, 10, 3.0)
(12, 4, 12, 5.830951894845301)
(12, 4, 13, 4.242640687119285)
(12, 4, 17, 4.0)
(12, 4, 19, 5.0)
(13, 4, 3, 2.23606797749979)
(13, 4, 5, 5.385164807134504)
(13, 4, 7, 3.1622776601683795)
(13, 4, 10, 3.605551275463989)
(13, 4, 13, 3.0)
(13, 4, 17, 5.0)
(13, 4, 19, 5.385164807134504)
(14, 4, 3, 2.0)
(14, 4, 5, 5.830951894845301)
(14, 4, 9, 5.385164807134504)
(14, 4, 10, 3.0)
(14, 4, 13, 2.23606797749979)
(15, 4, 3, 2.0)
(15, 4, 5, 4.123105625617661)
(15, 4, 10, 3.0)
(15, 4, 13, 2.23606797749979)
(15, 4, 17, 5.830951894845301)
(15, 4, 19, 6.324555320336759)
(16, 4, 10, 6.082762530298219)
(16, 4, 13, 4.47213595499958)
(17, 4, 3, 4.123105625617661)
(17, 4, 13, 5.656854249492381)
(17, 4, 17, 6.4031242374328485)
(17, 4, 19, 5.830951894845301)
(18, 4, 3, 6.324555320336759)
(18, 4, 13, 5.0)
(18, 4, 19, 6.4031242374328485)
(20, 4, 3, 4.123105625617661)
(20, 4, 7, 5.656854249492381)
(20, 4, 13, 5.830951894845301)
(20, 4, 17, 5.385164807134504)
(21, 4, 3, 4.47213595499958)
(21, 4, 5, 6.4031242374328485)
(21, 4, 10, 5.0)
(21, 4, 13, 3.1622776601683795)
(21, 4, 17, 5.385164807134504)
(23, 4, 3, 4.0)
(23, 4, 5, 6.324555320336759)
(23, 4, 7, 3.605551275463989)
(23, 4, 10, 5.830951894845301)
(23, 4, 13, 4.47213595499958)
(24, 4, 3, 5.385164807134504)
(24, 4, 10, 5.0)
(24, 4, 13, 5.656854249492381)
(25, 4, 3, 5.0990195135927845)
(25, 4, 10, 5.0)
(25, 4, 17, 6.324555320336759)
(25, 4, 19, 6.4031242374328485)
(26, 4, 19, 4.0)
(1, 5, 13, 3.0)
(1, 5, 18, 5.0990195135927845)
(1, 5, 19, 6.082762530298219)
(1, 5, 20, 5.385164807134504)
(2, 5, 9, 3.0)
(2, 5, 13, 2.0)
(2, 5, 17, 5.0)
(3, 5, 1, 3.605551275463989)
(3, 5, 4, 5.0)
(3, 5, 10, 5.0990195135927845)
(3, 5, 13, 5.830951894845301)
(3, 5, 19, 4.123105625617661)
(4, 5, 1, 2.23606797749979)
(4, 5, 3, 5.656854249492381)
(4, 5, 4, 2.8284271247461903)
(4, 5, 10, 4.47213595499958)
(4, 5, 13, 1.4142135623730951)
(4, 5, 14, 4.47213595499958)
(4, 5, 17, 4.47213595499958)
(4, 5, 19, 5.830951894845301)
(5, 5, 7, 5.385164807134504)
(5, 5, 9, 3.1622776601683795)
(5, 5, 13, 2.8284271247461903)
(5, 5, 17, 2.23606797749979)
(6, 5, 3, 5.385164807134504)
(6, 5, 4, 6.324555320336759)
(6, 5, 7, 6.082762530298219)
(6, 5, 12, 4.123105625617661)
(6, 5, 13, 4.123105625617661)
(6, 5, 18, 2.23606797749979)
(7, 5, 4, 6.4031242374328485)
(7, 5, 13, 4.47213595499958)
(7, 5, 14, 5.0990195135927845)
(7, 5, 16, 4.123105625617661)
(7, 5, 17, 5.0990195135927845)
(7, 5, 18, 5.0)
(7, 5, 20, 4.242640687119285)
(8, 5, 3, 4.123105625617661)
(8, 5, 4, 3.1622776601683795)
(8, 5, 9, 5.0)
(8, 5, 13, 2.23606797749979)
(8, 5, 16, 3.605551275463989)
(8, 5, 17, 4.47213595499958)
(8, 5, 18, 5.0990195135927845)
(8, 5, 20, 4.0)
(9, 5, 3, 4.47213595499958)
(9, 5, 4, 5.385164807134504)
(9, 5, 10, 4.47213595499958)
(9, 5, 13, 4.123105625617661)
(9, 5, 16, 4.123105625617661)
(9, 5, 17, 4.242640687119285)
(9, 5, 18, 4.0)
(9, 5, 19, 5.0990195135927845)
(10, 5, 4, 3.0)
(10, 5, 13, 3.1622776601683795)
(10, 5, 16, 5.385164807134504)
(10, 5, 17, 3.0)
(10, 5, 19, 4.123105625617661)
(10, 5, 20, 4.123105625617661)
(11, 5, 1, 3.1622776601683795)
(11, 5, 3, 4.123105625617661)
(11, 5, 4, 4.47213595499958)
(11, 5, 7, 6.082762530298219)
(11, 5, 10, 2.8284271247461903)
(11, 5, 13, 5.385164807134504)
(11, 5, 17, 2.8284271247461903)
(11, 5, 18, 3.605551275463989)
(11, 5, 20, 4.242640687119285)
(12, 5, 4, 3.1622776601683795)
(12, 5, 7, 5.385164807134504)
(12, 5, 9, 4.47213595499958)
(12, 5, 10, 4.242640687119285)
(12, 5, 13, 5.0990195135927845)
(12, 5, 18, 4.123105625617661)
(12, 5, 19, 5.656854249492381)
(12, 5, 20, 4.0)
(13, 5, 1, 2.23606797749979)
(13, 5, 3, 3.605551275463989)
(13, 5, 4, 4.47213595499958)
(13, 5, 10, 3.0)
(13, 5, 13, 3.1622776601683795)
(13, 5, 17, 3.605551275463989)
(14, 5, 3, 5.0990195135927845)
(14, 5, 4, 3.0)
(14, 5, 7, 4.0)
(14, 5, 9, 2.0)
(14, 5, 10, 3.1622776601683795)
(14, 5, 13, 3.1622776601683795)
(14, 5, 16, 3.605551275463989)
(14, 5, 18, 3.1622776601683795)
(14, 5, 19, 6.082762530298219)
(15, 5, 1, 2.0)
(15, 5, 3, 3.0)
(15, 5, 4, 3.1622776601683795)
(15, 5, 7, 4.0)
(15, 5, 10, 2.23606797749979)
(15, 5, 11, 2.23606797749979)
(15, 5, 13, 4.123105625617661)
(15, 5, 17, 4.123105625617661)
(15, 5, 19, 2.8284271247461903)
(16, 5, 1, 2.23606797749979)
(16, 5, 3, 4.242640687119285)
(16, 5, 10, 3.605551275463989)
(16, 5, 11, 6.0)
(16, 5, 13, 3.1622776601683795)
(16, 5, 17, 2.8284271247461903)
(16, 5, 19, 5.0)
(17, 5, 1, 2.8284271247461903)
(17, 5, 3, 3.605551275463989)
(17, 5, 13, 3.1622776601683795)
(17, 5, 17, 4.123105625617661)
(17, 5, 19, 5.830951894845301)
(18, 5, 1, 2.8284271247461903)
(18, 5, 3, 4.0)
(18, 5, 7, 5.0990195135927845)
(18, 5, 13, 3.605551275463989)
(18, 5, 17, 3.605551275463989)
(18, 5, 18, 4.123105625617661)
(18, 5, 19, 6.4031242374328485)
(19, 5, 1, 2.23606797749979)
(19, 5, 3, 4.0)
(19, 5, 13, 3.1622776601683795)
(19, 5, 17, 4.242640687119285)
(19, 5, 19, 5.0)
(20, 5, 1, 2.8284271247461903)
(20, 5, 7, 6.0)
(20, 5, 13, 5.0)
(20, 5, 17, 3.1622776601683795)
(21, 5, 1, 2.23606797749979)
(21, 5, 3, 6.082762530298219)
(21, 5, 4, 5.0990195135927845)
(21, 5, 7, 5.830951894845301)
(21, 5, 10, 2.8284271247461903)
(21, 5, 13, 4.47213595499958)
(21, 5, 17, 3.1622776601683795)
(21, 5, 19, 3.605551275463989)
(22, 5, 1, 2.8284271247461903)
(22, 5, 3, 5.0990195135927845)
(22, 5, 7, 4.242640687119285)
(22, 5, 17, 3.1622776601683795)
(22, 5, 19, 4.47213595499958)
(23, 5, 3, 3.605551275463989)
(23, 5, 4, 3.1622776601683795)
(23, 5, 7, 5.0)
(23, 5, 10, 4.47213595499958)
(23, 5, 13, 2.23606797749979)
(24, 5, 1, 2.23606797749979)
(24, 5, 3, 3.605551275463989)
(24, 5, 10, 2.0)
(24, 5, 17, 2.23606797749979)
(25, 5, 1, 2.0)
(25, 5, 3, 2.8284271247461903)
(25, 5, 10, 3.0)
(25, 5, 19, 3.1622776601683795)
(26, 5, 1, 5.0990195135927845)
(11, 6, 19, 3.1622776601683795)
(12, 6, 1, 6.4031242374328485)
(12, 6, 12, 1.0)
(12, 6, 19, 4.123105625617661)
(13, 6, 1, 5.830951894845301)
(13, 6, 17, 5.0)
(13, 6, 19, 4.123105625617661)
(14, 6, 1, 5.0)
(14, 6, 12, 1.0)
(14, 6, 17, 5.0)
(14, 6, 19, 6.4031242374328485)
(15, 6, 10, 5.385164807134504)
(15, 6, 13, 2.23606797749979)
(15, 6, 18, 3.605551275463989)
(16, 6, 9, 1.4142135623730951)
(16, 6, 12, 1.0)
(16, 6, 13, 4.123105625617661)
(16, 6, 15, 4.123105625617661)
(16, 6, 16, 5.0990195135927845)
(16, 6, 17, 3.1622776601683795)
(16, 6, 18, 6.324555320336759)
(16, 6, 19, 6.0)
(17, 6, 12, 1.0)
(17, 6, 13, 4.0)
(17, 6, 15, 3.605551275463989)
(17, 6, 16, 3.1622776601683795)
(17, 6, 17, 4.0)
(17, 6, 18, 5.0990195135927845)
(17, 6, 19, 5.0)
(17, 6, 21, 5.830951894845301)
(18, 6, 8, 4.0)
(18, 6, 13, 4.0)
(18, 6, 15, 4.47213595499958)
(18, 6, 17, 4.123105625617661)
(18, 6, 18, 6.082762530298219)
(18, 6, 19, 4.123105625617661)
(18, 6, 20, 5.0990195135927845)
(19, 6, 8, 5.0990195135927845)
(19, 6, 10, 6.4031242374328485)
(19, 6, 12, 2.23606797749979)
(19, 6, 13, 4.0)
(19, 6, 15, 3.605551275463989)
(19, 6, 16, 4.123105625617661)
(19, 6, 17, 4.123105625617661)
(19, 6, 18, 6.082762530298219)
(19, 6, 19, 5.0990195135927845)
(19, 6, 20, 3.0)
(19, 6, 21, 4.242640687119285)
(20, 6, 8, 5.0990195135927845)
(20, 6, 12, 2.23606797749979)
(20, 6, 13, 4.0)
(20, 6, 15, 3.1622776601683795)
(20, 6, 18, 5.385164807134504)
(20, 6, 19, 5.0990195135927845)
(20, 6, 20, 3.1622776601683795)
(21, 6, 8, 3.605551275463989)
(21, 6, 13, 3.0)
(21, 6, 15, 2.8284271247461903)
(21, 6, 16, 4.242640687119285)
(21, 6, 18, 5.0)
(21, 6, 20, 3.1622776601683795)
(22, 6, 8, 3.605551275463989)
(22, 6, 13, 3.0)
(22, 6, 14, 6.082762530298219)
(22, 6, 15, 1.4142135623730951)
(22, 6, 16, 4.242640687119285)
(22, 6, 18, 4.242640687119285)
(22, 6, 19, 6.082762530298219)
(22, 6, 21, 4.123105625617661)
(23, 6, 14, 6.324555320336759)
(23, 6, 15, 1.4142135623730951)
(23, 6, 18, 4.242640687119285)
(23, 6, 19, 6.324555320336759)
(24, 6, 13, 2.23606797749979)
(24, 6, 15, 1.4142135623730951)
(24, 6, 18, 3.605551275463989)
(24, 6, 20, 3.0)
(25, 6, 13, 2.23606797749979)
(25, 6, 15, 2.23606797749979)
(25, 6, 18, 3.605551275463989)
(25, 6, 20, 3.0)
(25, 6, 21, 5.0)
(26, 6, 9, 3.0)
(26, 6, 13, 6.0)
(26, 6, 15, 1.0)
(26, 6, 17, 3.1622776601683795)
(26, 6, 18, 2.8284271247461903)
(26, 6, 20, 2.23606797749979)
(1, 7, 1, 2.23606797749979)
(1, 7, 3, 1.0)
(1, 7, 4, 1.0)
(1, 7, 10, 1.0)
(1, 7, 13, 1.4142135623730951)
(2, 7, 3, 2.0)
(2, 7, 4, 2.0)
(2, 7, 10, 2.0)
(2, 7, 13, 2.8284271247461903)
(2, 7, 19, 6.0)
(3, 7, 3, 2.23606797749979)
(3, 7, 4, 3.0)
(3, 7, 10, 3.1622776601683795)
(3, 7, 13, 4.47213595499958)
(3, 7, 19, 4.47213595499958)
(4, 7, 1, 3.605551275463989)
(4, 7, 4, 4.0)
(4, 7, 10, 2.0)
(4, 7, 13, 3.605551275463989)
(4, 7, 19, 4.47213595499958)
(5, 7, 3, 1.4142135623730951)
(5, 7, 4, 1.0)
(5, 7, 5, 3.0)
(5, 7, 10, 1.0)
(5, 7, 13, 2.23606797749979)
(5, 7, 16, 2.23606797749979)
(5, 7, 17, 2.23606797749979)
(5, 7, 19, 2.0)
(5, 7, 20, 2.23606797749979)
(6, 7, 3, 2.23606797749979)
(6, 7, 4, 4.123105625617661)
(6, 7, 5, 2.23606797749979)
(7, 7, 4, 5.0)
(9, 7, 13, 4.47213595499958)
(9, 7, 17, 6.324555320336759)
(11, 7, 4, 5.656854249492381)
(11, 7, 5, 5.656854249492381)
(11, 7, 17, 3.0)
(12, 7, 3, 4.47213595499958)
(12, 7, 5, 6.0)
(12, 7, 13, 3.1622776601683795)
(12, 7, 19, 6.4031242374328485)
(13, 7, 4, 3.605551275463989)
(14, 7, 5, 6.0)
(15, 7, 5, 6.0)
(16, 7, 3, 5.830951894845301)
(17, 7, 1, 6.324555320336759)
(17, 7, 3, 5.385164807134504)
(17, 7, 17, 6.4031242374328485)
(18, 7, 3, 5.0)
(18, 7, 5, 6.082762530298219)
(18, 7, 17, 5.0)
(19, 7, 1, 5.0)
(19, 7, 17, 5.830951894845301)
(20, 7, 1, 5.385164807134504)
(20, 7, 4, 4.0)
(20, 7, 5, 3.1622776601683795)
(20, 7, 19, 6.324555320336759)
(21, 7, 1, 5.385164807134504)
(21, 7, 5, 5.0)
(21, 7, 10, 3.0)
(22, 7, 1, 4.123105625617661)
(22, 7, 5, 4.0)
(23, 7, 3, 6.324555320336759)
(23, 7, 4, 5.385164807134504)
(23, 7, 5, 5.385164807134504)
(24, 7, 10, 6.082762530298219)
(24, 7, 17, 4.242640687119285)
(26, 7, 1, 5.830951894845301)
(6, 8, 18, 1.4142135623730951)
(6, 8, 20, 2.23606797749979)
(11, 8, 20, 6.4031242374328485)
(12, 8, 1, 6.0)
(12, 8, 20, 6.082762530298219)
(13, 8, 16, 6.4031242374328485)
(13, 8, 20, 5.385164807134504)
(14, 8, 1, 6.082762530298219)
(14, 8, 13, 5.0)
(14, 8, 15, 4.47213595499958)
(14, 8, 16, 6.0)
(14, 8, 18, 6.324555320336759)
(14, 8, 20, 5.0)
(14, 8, 21, 4.47213595499958)
(15, 8, 18, 5.830951894845301)
(15, 8, 21, 5.830951894845301)
(16, 8, 15, 6.324555320336759)
(16, 8, 16, 6.082762530298219)
(17, 8, 13, 5.830951894845301)
(17, 8, 15, 6.324555320336759)
(17, 8, 18, 6.082762530298219)
(18, 8, 6, 5.656854249492381)
(18, 8, 18, 6.4031242374328485)
(18, 8, 21, 6.324555320336759)
(19, 8, 6, 5.656854249492381)
(19, 8, 13, 6.082762530298219)
(19, 8, 15, 6.082762530298219)
(19, 8, 16, 6.4031242374328485)
(20, 8, 6, 5.0)
(20, 8, 13, 5.0990195135927845)
(20, 8, 14, 5.0)
(20, 8, 15, 5.0)
(20, 8, 16, 5.0990195135927845)
(20, 8, 18, 4.47213595499958)
(20, 8, 20, 5.385164807134504)
(20, 8, 21, 5.656854249492381)
(21, 8, 6, 4.47213595499958)
(21, 8, 13, 5.0)
(21, 8, 14, 5.656854249492381)
(21, 8, 15, 5.0990195135927845)
(21, 8, 16, 5.830951894845301)
(21, 8, 18, 4.123105625617661)
(21, 8, 20, 5.385164807134504)
(21, 8, 21, 5.830951894845301)
(22, 8, 6, 6.082762530298219)
(22, 8, 13, 6.4031242374328485)
(22, 8, 18, 6.324555320336759)
(22, 8, 20, 6.0)
(24, 8, 13, 5.385164807134504)
(24, 8, 14, 6.324555320336759)
(24, 8, 15, 5.830951894845301)
(24, 8, 16, 6.082762530298219)
(24, 8, 20, 6.082762530298219)
(24, 8, 21, 6.4031242374328485)
(25, 8, 18, 6.4031242374328485)
(1, 9, 10, 5.385164807134504)
(1, 9, 17, 3.605551275463989)
(2, 9, 5, 5.0)
(2, 9, 17, 5.0)
(3, 9, 17, 6.082762530298219)
(5, 9, 4, 4.47213595499958)
(5, 9, 5, 4.123105625617661)
(5, 9, 10, 5.385164807134504)
(5, 9, 13, 6.0)
(5, 9, 17, 2.0)
(5, 9, 20, 6.0)
(6, 9, 15, 5.385164807134504)
(6, 9, 17, 1.0)
(6, 9, 18, 5.0)
(7, 9, 10, 5.0990195135927845)
(7, 9, 13, 6.324555320336759)
(7, 9, 17, 2.8284271247461903)
(8, 9, 4, 6.082762530298219)
(8, 9, 5, 5.656854249492381)
(8, 9, 10, 6.082762530298219)
(8, 9, 13, 6.4031242374328485)
(8, 9, 17, 2.8284271247461903)
(9, 9, 4, 5.656854249492381)
(9, 9, 10, 6.082762530298219)
(9, 9, 17, 3.605551275463989)
(10, 9, 4, 5.385164807134504)
(10, 9, 17, 4.123105625617661)
(11, 9, 13, 6.324555320336759)
(11, 9, 17, 3.1622776601683795)
(11, 9, 20, 6.324555320336759)
(12, 9, 4, 5.0990195135927845)
(12, 9, 5, 5.0990195135927845)
(12, 9, 17, 4.47213595499958)
(12, 9, 18, 5.0990195135927845)
(12, 9, 20, 5.830951894845301)
(13, 9, 10, 5.0)
(13, 9, 17, 3.1622776601683795)
(14, 9, 4, 6.082762530298219)
(14, 9, 5, 5.385164807134504)
(14, 9, 10, 5.830951894845301)
(14, 9, 17, 6.4031242374328485)
(15, 9, 10, 6.082762530298219)
(15, 9, 17, 4.47213595499958)
(15, 9, 18, 6.324555320336759)
(16, 9, 6, 4.47213595499958)
(16, 9, 16, 3.1622776601683795)
(16, 9, 18, 5.0)
(16, 9, 20, 4.123105625617661)
(17, 9, 10, 6.082762530298219)
(17, 9, 17, 6.082762530298219)
(17, 9, 18, 5.0)
(18, 9, 17, 5.830951894845301)
(19, 9, 17, 5.0990195135927845)
(20, 9, 17, 6.082762530298219)
(21, 9, 17, 4.47213595499958)
(22, 9, 17, 4.47213595499958)
(24, 9, 17, 5.385164807134504)
(25, 9, 17, 6.4031242374328485)
(26, 9, 6, 6.082762530298219)
(1, 10, 1, 4.0)
(1, 10, 2, 4.0)
(1, 10, 4, 4.0)
(1, 10, 7, 5.0)
(1, 10, 9, 5.656854249492381)
(1, 10, 13, 6.082762530298219)
(1, 10, 16, 5.385164807134504)
(1, 10, 17, 5.385164807134504)
(2, 10, 1, 4.123105625617661)
(2, 10, 2, 2.8284271247461903)
(2, 10, 3, 6.082762530298219)
(2, 10, 4, 3.1622776601683795)
(2, 10, 7, 4.47213595499958)
(2, 10, 13, 3.605551275463989)
(2, 10, 14, 3.0)
(2, 10, 15, 2.0)
(2, 10, 16, 3.0)
(2, 10, 17, 3.1622776601683795)
(2, 10, 18, 3.605551275463989)
(2, 10, 20, 4.0)
(3, 10, 1, 2.8284271247461903)
(3, 10, 2, 2.8284271247461903)
(3, 10, 3, 3.0)
(3, 10, 4, 2.8284271247461903)
(3, 10, 5, 3.1622776601683795)
(3, 10, 7, 3.1622776601683795)
(3, 10, 13, 3.1622776601683795)
(3, 10, 14, 3.0)
(3, 10, 15, 2.0)
(3, 10, 16, 3.1622776601683795)
(3, 10, 17, 3.605551275463989)
(3, 10, 18, 5.385164807134504)
(3, 10, 20, 4.0)
(4, 10, 1, 2.0)
(4, 10, 2, 2.0)
(4, 10, 3, 5.0)
(4, 10, 4, 4.242640687119285)
(4, 10, 5, 3.1622776601683795)
(4, 10, 7, 2.0)
(4, 10, 13, 3.1622776601683795)
(4, 10, 15, 2.0)
(4, 10, 16, 3.605551275463989)
(4, 10, 17, 3.605551275463989)
(4, 10, 18, 3.605551275463989)
(4, 10, 19, 4.242640687119285)
(5, 10, 1, 2.8284271247461903)
(5, 10, 2, 2.23606797749979)
(5, 10, 3, 5.0990195135927845)
(5, 10, 4, 5.0)
(5, 10, 7, 4.47213595499958)
(5, 10, 9, 3.0)
(5, 10, 13, 4.242640687119285)
(5, 10, 16, 3.0)
(5, 10, 17, 3.1622776601683795)
(5, 10, 18, 5.0)
(5, 10, 19, 5.656854249492381)
(5, 10, 20, 4.242640687119285)
(5, 10, 21, 4.123105625617661)
(6, 10, 15, 3.605551275463989)
(7, 10, 1, 5.0)
(7, 10, 2, 4.47213595499958)
(7, 10, 3, 5.830951894845301)
(7, 10, 4, 6.324555320336759)
(7, 10, 9, 5.0990195135927845)
(7, 10, 13, 6.0)
(7, 10, 14, 6.4031242374328485)
(7, 10, 16, 5.385164807134504)
(7, 10, 17, 6.0)
(7, 10, 18, 5.0)
(7, 10, 19, 6.082762530298219)
(7, 10, 20, 4.47213595499958)
(7, 10, 21, 6.4031242374328485)
(8, 10, 1, 3.1622776601683795)
(8, 10, 2, 3.0)
(8, 10, 9, 4.47213595499958)
(8, 10, 19, 6.0)
(8, 10, 21, 6.0)
(9, 10, 1, 4.242640687119285)
(9, 10, 2, 3.1622776601683795)
(9, 10, 3, 5.830951894845301)
(9, 10, 5, 6.324555320336759)
(9, 10, 9, 4.47213595499958)
(9, 10, 13, 4.123105625617661)
(9, 10, 16, 4.123105625617661)
(9, 10, 17, 5.830951894845301)
(9, 10, 18, 3.605551275463989)
(9, 10, 20, 5.0990195135927845)
(9, 10, 21, 4.242640687119285)
(10, 10, 1, 5.830951894845301)
(10, 10, 2, 5.0)
(10, 10, 16, 5.0)
(11, 10, 1, 4.123105625617661)
(11, 10, 2, 4.0)
(11, 10, 4, 5.0)
(11, 10, 5, 5.0)
(11, 10, 13, 5.0990195135927845)
(11, 10, 16, 4.47213595499958)
(11, 10, 17, 5.656854249492381)
(11, 10, 18, 6.0)
(11, 10, 19, 6.324555320336759)
(11, 10, 20, 5.0990195135927845)
(12, 10, 1, 2.23606797749979)
(12, 10, 2, 2.0)
(12, 10, 4, 6.324555320336759)
(12, 10, 5, 4.123105625617661)
(12, 10, 13, 2.8284271247461903)
(12, 10, 14, 6.082762530298219)
(12, 10, 16, 4.123105625617661)
(12, 10, 18, 4.47213595499958)
(13, 10, 1, 3.0)
(13, 10, 2, 3.1622776601683795)
(13, 10, 3, 4.242640687119285)
(13, 10, 4, 4.47213595499958)
(13, 10, 5, 5.0)
(13, 10, 9, 5.0)
(13, 10, 13, 5.0990195135927845)
(13, 10, 16, 3.1622776601683795)
(13, 10, 17, 5.830951894845301)
(13, 10, 18, 3.1622776601683795)
(13, 10, 19, 5.385164807134504)
(14, 10, 1, 4.0)
(14, 10, 3, 5.0)
(14, 10, 4, 5.656854249492381)
(14, 10, 5, 5.385164807134504)
(14, 10, 9, 6.082762530298219)
(14, 10, 16, 5.385164807134504)
(14, 10, 17, 6.0)
(14, 10, 18, 5.830951894845301)
(14, 10, 19, 5.830951894845301)
(15, 10, 1, 5.0)
(15, 10, 2, 4.47213595499958)
(15, 10, 3, 5.0)
(15, 10, 4, 5.385164807134504)
(15, 10, 5, 5.0990195135927845)
(15, 10, 6, 4.47213595499958)
(15, 10, 9, 5.0)
(15, 10, 13, 5.0990195135927845)
(15, 10, 16, 5.0990195135927845)
(15, 10, 17, 4.47213595499958)
(15, 10, 18, 5.385164807134504)
(15, 10, 19, 3.1622776601683795)
(16, 10, 1, 5.0990195135927845)
(16, 10, 2, 4.47213595499958)
(16, 10, 3, 4.47213595499958)
(16, 10, 4, 4.242640687119285)
(16, 10, 5, 6.324555320336759)
(16, 10, 13, 5.0990195135927845)
(16, 10, 16, 5.656854249492381)
(16, 10, 17, 4.123105625617661)
(16, 10, 18, 5.0)
(17, 10, 1, 5.385164807134504)
(17, 10, 2, 5.0)
(17, 10, 9, 6.324555320336759)
(17, 10, 17, 5.830951894845301)
(17, 10, 18, 6.0)
(18, 10, 1, 6.4031242374328485)
(18, 10, 2, 6.324555320336759)
(18, 10, 3, 6.324555320336759)
(18, 10, 13, 6.0)
(18, 10, 16, 5.385164807134504)
(18, 10, 17, 6.082762530298219)
(18, 10, 18, 5.385164807134504)
(19, 10, 1, 5.830951894845301)
(19, 10, 6, 6.082762530298219)
(19, 10, 16, 6.0)
(19, 10, 18, 5.0990195135927845)
(19, 10, 19, 6.324555320336759)
(21, 10, 1, 5.830951894845301)
(21, 10, 3, 6.082762530298219)
(21, 10, 4, 6.0)
(21, 10, 5, 6.082762530298219)
(21, 10, 7, 6.324555320336759)
(21, 10, 17, 5.830951894845301)
(21, 10, 19, 2.8284271247461903)
(22, 10, 1, 5.385164807134504)
(22, 10, 3, 5.830951894845301)
(22, 10, 11, 6.082762530298219)
(22, 10, 17, 6.4031242374328485)
(23, 10, 1, 6.0)
(23, 10, 3, 5.385164807134504)
(23, 10, 4, 5.385164807134504)
(23, 10, 5, 5.656854249492381)
(23, 10, 13, 6.0)
(24, 10, 1, 5.0)
(24, 10, 2, 5.0990195135927845)
(24, 10, 3, 5.830951894845301)
(24, 10, 4, 5.656854249492381)
(24, 10, 5, 6.082762530298219)
(24, 10, 7, 6.0)
(24, 10, 11, 5.0)
(24, 10, 13, 5.830951894845301)
(24, 10, 16, 5.830951894845301)
(24, 10, 17, 5.0990195135927845)
(24, 10, 18, 5.0)
(25, 10, 1, 5.0)
(25, 10, 2, 5.385164807134504)
(25, 10, 3, 5.830951894845301)
(25, 10, 4, 5.830951894845301)
(25, 10, 5, 5.385164807134504)
(25, 10, 13, 6.0)
(25, 10, 14, 5.830951894845301)
(25, 10, 16, 6.324555320336759)
(25, 10, 17, 5.0)
(25, 10, 19, 4.47213595499958)
(26, 10, 1, 5.385164807134504)
(26, 10, 2, 6.4031242374328485)
(26, 10, 11, 5.0990195135927845)
(26, 10, 13, 6.4031242374328485)
(1, 11, 18, 3.605551275463989)
(1, 11, 20, 5.0990195135927845)
(2, 11, 18, 3.605551275463989)
(2, 11, 20, 5.0)
(3, 11, 18, 5.0)
(3, 11, 20, 6.082762530298219)
(4, 11, 18, 4.0)
(4, 11, 20, 4.242640687119285)
(6, 11, 15, 6.4031242374328485)
(6, 11, 18, 3.1622776601683795)
(6, 11, 20, 6.082762530298219)
(7, 11, 21, 3.605551275463989)
(9, 11, 18, 4.123105625617661)
(9, 11, 21, 4.47213595499958)
(11, 11, 20, 6.082762530298219)
(14, 11, 1, 5.0)
(15, 11, 5, 4.47213595499958)
(15, 11, 18, 5.0)
(16, 11, 1, 5.0)
(16, 11, 5, 5.0)
(16, 11, 19, 5.0)
(17, 11, 1, 3.605551275463989)
(18, 11, 18, 5.0)
(19, 11, 1, 5.385164807134504)
(20, 11, 18, 4.242640687119285)
(21, 11, 1, 3.605551275463989)
(21, 11, 18, 5.0)
(22, 11, 1, 2.0)
(22, 11, 10, 6.082762530298219)
(22, 11, 13, 4.47213595499958)
(22, 11, 16, 4.242640687119285)
(22, 11, 18, 6.4031242374328485)
(23, 11, 1, 3.0)
(23, 11, 16, 5.830951894845301)
(24, 11, 1, 3.0)
(24, 11, 10, 5.830951894845301)
(25, 11, 1, 2.8284271247461903)
(25, 11, 18, 5.0)
(26, 11, 1, 2.23606797749979)
(26, 11, 10, 5.656854249492381)
(26, 11, 13, 3.1622776601683795)
(26, 11, 21, 2.8284271247461903)
(1, 12, 4, 3.605551275463989)
(1, 12, 19, 3.0)
(1, 12, 20, 5.385164807134504)
(2, 12, 4, 4.47213595499958)
(2, 12, 19, 4.0)
(3, 12, 4, 5.0)
(3, 12, 18, 6.324555320336759)
(3, 12, 19, 5.0)
(3, 12, 20, 6.324555320336759)
(4, 12, 4, 5.385164807134504)
(4, 12, 17, 6.324555320336759)
(4, 12, 18, 5.830951894845301)
(4, 12, 19, 5.0)
(4, 12, 20, 5.0)
(5, 12, 19, 5.0)
(5, 12, 20, 6.0)
(6, 12, 3, 4.123105625617661)
(6, 12, 4, 3.605551275463989)
(6, 12, 5, 1.4142135623730951)
(6, 12, 15, 4.47213595499958)
(6, 12, 16, 5.0990195135927845)
(6, 12, 17, 4.242640687119285)
(7, 12, 4, 6.082762530298219)
(7, 12, 13, 6.4031242374328485)
(7, 12, 18, 6.324555320336759)
(7, 12, 19, 5.385164807134504)
(8, 12, 4, 6.082762530298219)
(8, 12, 19, 5.385164807134504)
(9, 12, 18, 6.324555320336759)
(9, 12, 19, 5.385164807134504)
(9, 12, 20, 6.324555320336759)
(10, 12, 13, 6.082762530298219)
(10, 12, 19, 5.385164807134504)
(11, 12, 4, 5.830951894845301)
(11, 12, 13, 5.0990195135927845)
(11, 12, 19, 5.0990195135927845)
(12, 12, 4, 6.082762530298219)
(12, 12, 6, 5.830951894845301)
(12, 12, 19, 5.385164807134504)
(13, 12, 13, 5.0990195135927845)
(13, 12, 19, 5.0)
(14, 12, 6, 5.0990195135927845)
(14, 12, 19, 5.0)
(14, 12, 21, 5.0)
(15, 12, 19, 5.0990195135927845)
(16, 12, 6, 6.324555320336759)
(16, 12, 19, 5.0990195135927845)
(17, 12, 6, 6.324555320336759)
(17, 12, 19, 5.0990195135927845)
(19, 12, 6, 6.324555320336759)
(20, 12, 6, 5.830951894845301)
(24, 12, 19, 6.324555320336759)
(25, 12, 19, 6.324555320336759)
(26, 12, 19, 5.385164807134504)
(1, 13, 3, 2.8284271247461903)
(1, 13, 4, 3.1622776601683795)
(1, 13, 5, 2.0)
(1, 13, 7, 2.23606797749979)
(1, 13, 10, 3.1622776601683795)
(2, 13, 3, 3.0)
(2, 13, 4, 1.4142135623730951)
(2, 13, 5, 1.0)
(2, 13, 7, 2.23606797749979)
(2, 13, 10, 2.8284271247461903)
(2, 13, 17, 4.123105625617661)
(2, 13, 19, 3.1622776601683795)
(3, 13, 1, 2.0)
(3, 13, 3, 2.23606797749979)
(3, 13, 4, 2.0)
(3, 13, 5, 2.23606797749979)
(3, 13, 7, 2.0)
(3, 13, 10, 2.23606797749979)
(3, 13, 14, 4.0)
(3, 13, 16, 3.605551275463989)
(3, 13, 17, 3.605551275463989)
(3, 13, 19, 3.605551275463989)
(3, 13, 20, 2.8284271247461903)
(4, 13, 3, 2.23606797749979)
(4, 13, 4, 2.23606797749979)
(4, 13, 5, 2.23606797749979)
(4, 13, 7, 2.0)
(4, 13, 10, 3.1622776601683795)
(4, 13, 14, 4.123105625617661)
(4, 13, 17, 3.1622776601683795)
(4, 13, 19, 3.0)
(4, 13, 20, 3.605551275463989)
(5, 13, 1, 2.0)
(5, 13, 3, 3.605551275463989)
(5, 13, 4, 1.4142135623730951)
(5, 13, 5, 1.0)
(5, 13, 7, 1.4142135623730951)
(5, 13, 9, 3.605551275463989)
(5, 13, 10, 4.0)
(5, 13, 14, 2.8284271247461903)
(5, 13, 16, 3.1622776601683795)
(5, 13, 19, 4.123105625617661)
(5, 13, 20, 2.8284271247461903)
(6, 13, 5, 3.605551275463989)
(7, 13, 1, 2.23606797749979)
(7, 13, 3, 4.123105625617661)
(7, 13, 4, 2.8284271247461903)
(7, 13, 5, 2.0)
(7, 13, 9, 3.605551275463989)
(7, 13, 10, 4.242640687119285)
(7, 13, 12, 4.123105625617661)
(7, 13, 14, 2.23606797749979)
(7, 13, 16, 3.0)
(7, 13, 17, 4.47213595499958)
(7, 13, 19, 4.242640687119285)
(8, 13, 3, 3.605551275463989)
(8, 13, 4, 3.1622776601683795)
(8, 13, 5, 3.0)
(8, 13, 9, 2.23606797749979)
(8, 13, 17, 5.0)
(8, 13, 18, 3.0)
(8, 13, 19, 4.47213595499958)
(8, 13, 20, 3.0)
(9, 13, 3, 4.242640687119285)
(9, 13, 4, 4.123105625617661)
(9, 13, 5, 2.23606797749979)
(9, 13, 7, 3.1622776601683795)
(9, 13, 10, 3.1622776601683795)
(9, 13, 17, 3.605551275463989)
(9, 13, 18, 3.1622776601683795)
(9, 13, 19, 4.242640687119285)
(9, 13, 20, 5.0)
(10, 13, 1, 5.0990195135927845)
(10, 13, 3, 5.656854249492381)
(10, 13, 4, 4.47213595499958)
(10, 13, 5, 4.123105625617661)
(10, 13, 12, 5.0)
(10, 13, 17, 4.47213595499958)
(10, 13, 19, 5.0)
(10, 13, 20, 4.242640687119285)
(11, 13, 1, 5.0)
(11, 13, 4, 5.385164807134504)
(11, 13, 5, 5.0990195135927845)
(11, 13, 9, 5.385164807134504)
(11, 13, 10, 6.4031242374328485)
(11, 13, 12, 5.0990195135927845)
(11, 13, 14, 4.123105625617661)
(11, 13, 17, 4.123105625617661)
(11, 13, 18, 3.1622776601683795)
(11, 13, 19, 4.47213595499958)
(12, 13, 3, 5.830951894845301)
(12, 13, 4, 4.123105625617661)
(12, 13, 5, 4.123105625617661)
(12, 13, 7, 5.0)
(12, 13, 10, 6.082762530298219)
(12, 13, 14, 4.47213595499958)
(12, 13, 15, 3.1622776601683795)
(12, 13, 17, 4.47213595499958)
(12, 13, 18, 5.385164807134504)
(12, 13, 20, 6.082762530298219)
(12, 13, 21, 6.324555320336759)
(13, 13, 1, 2.0)
(13, 13, 3, 5.385164807134504)
(13, 13, 4, 4.123105625617661)
(13, 13, 5, 4.0)
(13, 13, 10, 5.0990195135927845)
(13, 13, 12, 4.123105625617661)
(13, 13, 14, 3.0)
(13, 13, 16, 3.1622776601683795)
(13, 13, 17, 4.123105625617661)
(13, 13, 18, 3.0)
(13, 13, 19, 5.0)
(13, 13, 21, 6.0)
(14, 13, 1, 4.0)
(14, 13, 3, 5.656854249492381)
(14, 13, 4, 5.385164807134504)
(14, 13, 5, 5.0990195135927845)
(14, 13, 8, 5.0990195135927845)
(14, 13, 14, 5.385164807134504)
(14, 13, 16, 5.0990195135927845)
(14, 13, 18, 4.123105625617661)
(14, 13, 19, 5.0990195135927845)
(14, 13, 20, 4.242640687119285)
(14, 13, 21, 4.47213595499958)
(15, 13, 1, 3.0)
(15, 13, 3, 5.385164807134504)
(15, 13, 4, 4.0)
(15, 13, 5, 4.123105625617661)
(15, 13, 6, 3.605551275463989)
(15, 13, 10, 6.082762530298219)
(15, 13, 14, 2.8284271247461903)
(15, 13, 17, 4.47213595499958)
(15, 13, 18, 4.47213595499958)
(16, 13, 1, 5.0)
(16, 13, 3, 5.0)
(16, 13, 4, 4.47213595499958)
(16, 13, 5, 4.123105625617661)
(16, 13, 6, 4.0)
(16, 13, 10, 5.385164807134504)
(16, 13, 14, 4.242640687119285)
(16, 13, 15, 3.1622776601683795)
(16, 13, 17, 5.385164807134504)
(16, 13, 18, 3.605551275463989)
(16, 13, 19, 5.0990195135927845)
(16, 13, 20, 3.605551275463989)
(16, 13, 21, 5.656854249492381)
(17, 13, 1, 3.1622776601683795)
(17, 13, 3, 5.0)
(17, 13, 4, 5.0990195135927845)
(17, 13, 5, 5.0)
(17, 13, 6, 4.123105625617661)
(17, 13, 8, 3.605551275463989)
(17, 13, 14, 3.1622776601683795)
(17, 13, 18, 2.23606797749979)
(17, 13, 19, 6.0)
(17, 13, 20, 2.23606797749979)
(18, 13, 1, 4.47213595499958)
(18, 13, 3, 3.0)
(18, 13, 4, 4.242640687119285)
(18, 13, 5, 4.47213595499958)
(18, 13, 6, 5.0)
(18, 13, 10, 5.0)
(18, 13, 15, 4.123105625617661)
(18, 13, 17, 6.0)
(18, 13, 18, 2.23606797749979)
(18, 13, 19, 6.324555320336759)
(18, 13, 20, 2.23606797749979)
(18, 13, 21, 4.123105625617661)
(19, 13, 1, 4.47213595499958)
(19, 13, 3, 5.656854249492381)
(19, 13, 5, 5.0990195135927845)
(19, 13, 6, 4.0)
(19, 13, 8, 2.8284271247461903)
(19, 13, 14, 4.0)
(19, 13, 15, 3.605551275463989)
(19, 13, 16, 4.242640687119285)
(19, 13, 17, 6.324555320336759)
(19, 13, 18, 4.123105625617661)
(19, 13, 20, 2.8284271247461903)
(20, 13, 1, 4.47213595499958)
(20, 13, 3, 5.0)
(20, 13, 4, 5.385164807134504)
(20, 13, 5, 6.082762530298219)
(20, 13, 6, 4.123105625617661)
(20, 13, 8, 3.605551275463989)
(20, 13, 14, 4.123105625617661)
(20, 13, 15, 4.0)
(20, 13, 16, 4.47213595499958)
(20, 13, 17, 6.082762530298219)
(20, 13, 18, 5.0)
(20, 13, 20, 5.0)
(21, 13, 3, 5.830951894845301)
(21, 13, 4, 4.0)
(21, 13, 5, 4.47213595499958)
(21, 13, 6, 4.242640687119285)
(21, 13, 8, 3.605551275463989)
(21, 13, 14, 5.0)
(21, 13, 15, 4.47213595499958)
(21, 13, 16, 5.0)
(21, 13, 17, 6.082762530298219)
(21, 13, 18, 2.23606797749979)
(21, 13, 19, 3.1622776601683795)
(21, 13, 20, 3.1622776601683795)
(22, 13, 6, 5.0990195135927845)
(22, 13, 8, 4.47213595499958)
(22, 13, 11, 5.830951894845301)
(22, 13, 14, 4.123105625617661)
(22, 13, 15, 3.1622776601683795)
(22, 13, 17, 6.4031242374328485)
(22, 13, 18, 4.47213595499958)
(22, 13, 19, 6.324555320336759)
(22, 13, 20, 5.0)
(23, 13, 3, 5.385164807134504)
(23, 13, 4, 5.830951894845301)
(23, 13, 5, 5.0990195135927845)
(23, 13, 10, 6.4031242374328485)
(23, 13, 14, 5.0990195135927845)
(23, 13, 15, 5.0990195135927845)
(23, 13, 18, 6.324555320336759)
(23, 13, 21, 4.47213595499958)
(24, 13, 3, 6.082762530298219)
(24, 13, 4, 6.4031242374328485)
(24, 13, 6, 5.0990195135927845)
(24, 13, 8, 3.605551275463989)
(24, 13, 10, 5.0)
(24, 13, 14, 4.47213595499958)
(24, 13, 15, 5.0)
(24, 13, 18, 6.4031242374328485)
(24, 13, 19, 5.830951894845301)
(25, 13, 6, 5.0)
(25, 13, 10, 5.385164807134504)
(25, 13, 14, 5.656854249492381)
(25, 13, 15, 3.605551275463989)
(25, 13, 16, 3.0)
(25, 13, 17, 5.385164807134504)
(25, 13, 18, 5.0)
(25, 13, 20, 5.0)
(26, 13, 3, 5.0990195135927845)
(26, 13, 6, 4.123105625617661)
(26, 13, 10, 5.0990195135927845)
(26, 13, 11, 5.0)
(26, 13, 14, 4.123105625617661)
(26, 13, 16, 3.605551275463989)
(26, 13, 18, 2.23606797749979)
(26, 13, 20, 2.0)
(26, 13, 21, 4.47213595499958)
(1, 14, 16, 6.082762530298219)
(2, 14, 10, 3.1622776601683795)
(2, 14, 16, 5.0990195135927845)
(3, 14, 1, 4.242640687119285)
(3, 14, 10, 5.0)
(3, 14, 13, 5.656854249492381)
(3, 14, 16, 3.1622776601683795)
(4, 14, 5, 3.1622776601683795)
(4, 14, 13, 5.385164807134504)
(4, 14, 20, 6.082762530298219)
(5, 14, 13, 5.0)
(6, 14, 16, 5.830951894845301)
(7, 14, 5, 5.0)
(7, 14, 10, 4.242640687119285)
(7, 14, 13, 4.123105625617661)
(7, 14, 16, 4.47213595499958)
(11, 14, 13, 6.4031242374328485)
(12, 14, 1, 6.082762530298219)
(12, 14, 10, 6.082762530298219)
(12, 14, 13, 4.242640687119285)
(13, 14, 13, 3.605551275463989)
(13, 14, 20, 4.242640687119285)
(14, 14, 13, 5.0990195135927845)
(14, 14, 16, 4.0)
(14, 14, 18, 6.4031242374328485)
(14, 14, 21, 6.0)
(15, 14, 13, 5.0)
(16, 14, 13, 2.23606797749979)
(16, 14, 15, 3.605551275463989)
(16, 14, 16, 5.0990195135927845)
(16, 14, 18, 4.47213595499958)
(16, 14, 21, 2.23606797749979)
(17, 14, 13, 3.0)
(17, 14, 16, 5.0)
(17, 14, 18, 5.830951894845301)
(17, 14, 21, 2.0)
(18, 14, 16, 4.123105625617661)
(18, 14, 20, 5.0990195135927845)
(19, 14, 13, 2.23606797749979)
(19, 14, 21, 4.123105625617661)
(20, 14, 8, 5.0990195135927845)
(20, 14, 13, 2.23606797749979)
(20, 14, 15, 2.8284271247461903)
(20, 14, 16, 4.0)
(20, 14, 18, 5.385164807134504)
(20, 14, 21, 2.23606797749979)
(21, 14, 8, 3.0)
(21, 14, 13, 2.0)
(21, 14, 15, 4.242640687119285)
(21, 14, 16, 5.0)
(21, 14, 20, 2.8284271247461903)
(21, 14, 21, 2.23606797749979)
(22, 14, 6, 6.082762530298219)
(22, 14, 13, 2.23606797749979)
(22, 14, 16, 4.123105625617661)
(22, 14, 21, 2.23606797749979)
(23, 14, 6, 6.324555320336759)
(23, 14, 13, 2.23606797749979)
(23, 14, 15, 5.830951894845301)
(23, 14, 16, 6.324555320336759)
(23, 14, 21, 2.23606797749979)
(24, 14, 8, 5.0)
(24, 14, 13, 2.23606797749979)
(24, 14, 18, 5.385164807134504)
(24, 14, 20, 4.242640687119285)
(24, 14, 21, 2.23606797749979)
(25, 14, 10, 4.242640687119285)
(25, 14, 13, 2.8284271247461903)
(25, 14, 21, 2.23606797749979)
(26, 14, 13, 2.23606797749979)
(26, 14, 21, 2.23606797749979)
(1, 15, 1, 6.082762530298219)
(1, 15, 2, 6.0)
(2, 15, 2, 4.123105625617661)
(2, 15, 10, 6.082762530298219)
(3, 15, 1, 5.0)
(3, 15, 2, 5.0)
(3, 15, 10, 6.0)
(3, 15, 20, 4.47213595499958)
(4, 15, 1, 5.0)
(4, 15, 2, 4.0)
(4, 15, 10, 6.0)
(4, 15, 18, 6.4031242374328485)
(4, 15, 20, 3.0)
(5, 15, 1, 4.0)
(5, 15, 2, 6.0)
(5, 15, 20, 5.0)
(6, 15, 9, 4.123105625617661)
(6, 15, 10, 5.385164807134504)
(6, 15, 11, 5.0)
(6, 15, 12, 3.605551275463989)
(6, 15, 16, 5.0)
(6, 15, 20, 3.1622776601683795)
(7, 15, 1, 3.0)
(7, 15, 20, 6.082762530298219)
(8, 15, 1, 5.0)
(8, 15, 4, 6.082762530298219)
(8, 15, 20, 4.0)
(9, 15, 1, 5.0)
(9, 15, 20, 3.605551275463989)
(11, 15, 1, 5.0)
(11, 15, 20, 5.0990195135927845)
(12, 15, 1, 5.0)
(12, 15, 13, 5.830951894845301)
(12, 15, 16, 6.082762530298219)
(12, 15, 18, 5.0)
(12, 15, 20, 2.0)
(13, 15, 20, 4.123105625617661)
(14, 15, 8, 6.082762530298219)
(14, 15, 16, 4.47213595499958)
(14, 15, 20, 3.0)
(15, 15, 16, 5.830951894845301)
(15, 15, 20, 4.0)
(16, 15, 6, 4.47213595499958)
(16, 15, 8, 3.605551275463989)
(16, 15, 13, 6.324555320336759)
(16, 15, 14, 5.830951894845301)
(16, 15, 20, 5.0)
(17, 15, 6, 6.0)
(17, 15, 8, 5.656854249492381)
(17, 15, 20, 5.0)
(18, 15, 6, 3.1622776601683795)
(18, 15, 13, 2.23606797749979)
(18, 15, 16, 5.385164807134504)
(18, 15, 20, 4.123105625617661)
(19, 15, 6, 4.0)
(19, 15, 8, 4.123105625617661)
(19, 15, 13, 3.0)
(19, 15, 16, 5.0)
(19, 15, 20, 3.1622776601683795)
(19, 15, 21, 6.324555320336759)
(20, 15, 6, 2.23606797749979)
(20, 15, 8, 3.1622776601683795)
(20, 15, 13, 4.0)
(20, 15, 14, 2.0)
(20, 15, 18, 4.123105625617661)
(20, 15, 20, 5.385164807134504)
(21, 15, 6, 3.0)
(21, 15, 8, 3.605551275463989)
(21, 15, 13, 3.0)
(21, 15, 14, 5.0)
(21, 15, 16, 5.0)
(21, 15, 18, 6.082762530298219)
(21, 15, 20, 5.0)
(22, 15, 6, 3.0)
(22, 15, 13, 1.4142135623730951)
(22, 15, 16, 5.830951894845301)
(22, 15, 20, 2.23606797749979)
(23, 15, 6, 2.23606797749979)
(23, 15, 13, 2.23606797749979)
(23, 15, 14, 5.830951894845301)
(23, 15, 16, 3.1622776601683795)
(24, 15, 6, 2.0)
(24, 15, 8, 2.8284271247461903)
(24, 15, 13, 3.605551275463989)
(24, 15, 18, 5.385164807134504)
(24, 15, 20, 3.0)
(25, 15, 6, 2.0)
(25, 15, 13, 3.1622776601683795)
(25, 15, 20, 3.0)
(26, 15, 6, 2.23606797749979)
(26, 15, 18, 5.0990195135927845)
(26, 15, 20, 2.8284271247461903)
(1, 16, 10, 2.0)
(1, 16, 14, 2.8284271247461903)
(1, 16, 20, 4.0)
(2, 16, 10, 1.4142135623730951)
(2, 16, 14, 2.23606797749979)
(2, 16, 18, 6.4031242374328485)
(2, 16, 20, 4.47213595499958)
(3, 16, 1, 3.1622776601683795)
(3, 16, 10, 3.605551275463989)
(3, 16, 13, 6.4031242374328485)
(3, 16, 14, 2.0)
(3, 16, 20, 3.605551275463989)
(4, 16, 10, 2.23606797749979)
(4, 16, 20, 2.8284271247461903)
(5, 16, 1, 2.23606797749979)
(5, 16, 7, 6.324555320336759)
(5, 16, 10, 1.4142135623730951)
(5, 16, 13, 5.0)
(5, 16, 20, 3.0)
(6, 16, 1, 1.4142135623730951)
(6, 16, 3, 3.1622776601683795)
(6, 16, 12, 2.23606797749979)
(6, 16, 14, 1.0)
(6, 16, 15, 2.8284271247461903)
(6, 16, 17, 5.0)
(6, 16, 18, 3.1622776601683795)
(7, 16, 1, 3.605551275463989)
(7, 16, 5, 5.0)
(7, 16, 10, 3.1622776601683795)
(7, 16, 13, 5.0990195135927845)
(7, 16, 14, 1.4142135623730951)
(7, 16, 19, 5.830951894845301)
(7, 16, 20, 3.605551275463989)
(8, 16, 1, 2.23606797749979)
(8, 16, 5, 3.1622776601683795)
(8, 16, 18, 4.47213595499958)
(8, 16, 20, 2.0)
(9, 16, 1, 3.605551275463989)
(9, 16, 4, 5.830951894845301)
(9, 16, 5, 4.242640687119285)
(9, 16, 10, 5.0990195135927845)
(9, 16, 18, 5.0)
(9, 16, 20, 2.0)
(10, 16, 1, 3.1622776601683795)
(10, 16, 3, 5.656854249492381)
(10, 16, 5, 3.0)
(10, 16, 10, 3.605551275463989)
(10, 16, 19, 4.242640687119285)
(10, 16, 20, 2.8284271247461903)
(11, 16, 1, 4.47213595499958)
(11, 16, 10, 4.123105625617661)
(11, 16, 17, 5.385164807134504)
(11, 16, 18, 2.8284271247461903)
(11, 16, 20, 1.0)
(11, 16, 21, 1.0)
(12, 16, 1, 4.242640687119285)
(12, 16, 10, 5.0)
(12, 16, 15, 1.4142135623730951)
(12, 16, 17, 5.830951894845301)
(12, 16, 18, 4.242640687119285)
(12, 16, 20, 2.0)
(13, 16, 1, 5.830951894845301)
(13, 16, 8, 1.4142135623730951)
(13, 16, 10, 6.324555320336759)
(13, 16, 13, 6.4031242374328485)
(13, 16, 18, 5.0)
(13, 16, 20, 2.0)
(13, 16, 21, 2.8284271247461903)
(14, 16, 1, 4.242640687119285)
(14, 16, 5, 6.0)
(14, 16, 8, 1.4142135623730951)
(14, 16, 10, 5.0)
(14, 16, 13, 5.0)
(14, 16, 14, 2.0)
(14, 16, 15, 2.23606797749979)
(14, 16, 17, 6.4031242374328485)
(14, 16, 18, 3.1622776601683795)
(14, 16, 20, 2.0)
(14, 16, 21, 1.4142135623730951)
(15, 16, 1, 4.47213595499958)
(15, 16, 10, 5.385164807134504)
(15, 16, 15, 2.23606797749979)
(15, 16, 18, 3.0)
(15, 16, 20, 2.23606797749979)
(15, 16, 21, 2.0)
(16, 16, 1, 4.123105625617661)
(16, 16, 6, 3.1622776601683795)
(16, 16, 8, 2.23606797749979)
(16, 16, 9, 4.123105625617661)
(16, 16, 10, 5.830951894845301)
(16, 16, 14, 3.605551275463989)
(16, 16, 18, 3.1622776601683795)
(16, 16, 20, 2.8284271247461903)
(16, 16, 21, 4.123105625617661)
(17, 16, 6, 5.0)
(17, 16, 14, 5.385164807134504)
(17, 16, 18, 4.0)
(17, 16, 21, 2.23606797749979)
(18, 16, 10, 5.0)
(18, 16, 14, 5.385164807134504)
(18, 16, 15, 5.830951894845301)
(18, 16, 20, 3.1622776601683795)
(19, 16, 6, 2.8284271247461903)
(19, 16, 8, 1.4142135623730951)
(19, 16, 10, 3.1622776601683795)
(19, 16, 13, 6.324555320336759)
(19, 16, 15, 2.23606797749979)
(19, 16, 18, 2.8284271247461903)
(19, 16, 20, 2.0)
(19, 16, 21, 4.123105625617661)
(20, 16, 8, 3.605551275463989)
(20, 16, 13, 5.830951894845301)
(20, 16, 14, 2.8284271247461903)
(20, 16, 20, 5.0)
(20, 16, 21, 6.082762530298219)
(21, 16, 6, 6.082762530298219)
(21, 16, 8, 5.0)
(21, 16, 13, 4.123105625617661)
(21, 16, 14, 4.242640687119285)
(21, 16, 15, 5.0)
(21, 16, 21, 1.0)
(22, 16, 6, 6.4031242374328485)
(22, 16, 11, 5.0)
(22, 16, 14, 2.23606797749979)
(22, 16, 15, 6.082762530298219)
(22, 16, 18, 6.082762530298219)
(22, 16, 20, 3.1622776601683795)
(22, 16, 21, 2.0)
(23, 16, 11, 5.656854249492381)
(23, 16, 14, 2.8284271247461903)
(23, 16, 15, 5.830951894845301)
(23, 16, 20, 6.082762530298219)
(23, 16, 21, 5.385164807134504)
(24, 16, 1, 5.385164807134504)
(24, 16, 8, 5.0)
(24, 16, 10, 2.23606797749979)
(24, 16, 18, 5.656854249492381)
(24, 16, 20, 4.0)
(24, 16, 21, 3.605551275463989)
(25, 16, 1, 5.656854249492381)
(25, 16, 10, 3.1622776601683795)
(25, 16, 13, 5.385164807134504)
(25, 16, 18, 5.385164807134504)
(25, 16, 20, 4.242640687119285)
(25, 16, 21, 3.1622776601683795)
(26, 16, 1, 4.242640687119285)
(26, 16, 13, 5.0)
(26, 16, 21, 5.0990195135927845)
(1, 17, 3, 6.324555320336759)
(1, 17, 9, 1.4142135623730951)
(1, 17, 10, 3.605551275463989)
(2, 17, 1, 4.123105625617661)
(2, 17, 3, 5.385164807134504)
(2, 17, 5, 6.324555320336759)
(2, 17, 9, 1.0)
(2, 17, 10, 2.8284271247461903)
(2, 17, 13, 5.0990195135927845)
(2, 17, 19, 2.23606797749979)
(2, 17, 20, 3.1622776601683795)
(3, 17, 1, 3.605551275463989)
(3, 17, 3, 4.242640687119285)
(3, 17, 4, 5.656854249492381)
(3, 17, 9, 1.4142135623730951)
(3, 17, 10, 2.8284271247461903)
(3, 17, 13, 6.4031242374328485)
(3, 17, 18, 2.0)
(3, 17, 19, 3.605551275463989)
(3, 17, 20, 3.1622776601683795)
(4, 17, 1, 5.0990195135927845)
(4, 17, 3, 4.0)
(4, 17, 4, 5.385164807134504)
(4, 17, 5, 6.324555320336759)
(4, 17, 10, 3.0)
(4, 17, 12, 3.605551275463989)
(4, 17, 13, 5.830951894845301)
(4, 17, 18, 2.8284271247461903)
(4, 17, 19, 3.1622776601683795)
(4, 17, 20, 2.23606797749979)
(5, 17, 3, 5.385164807134504)
(5, 17, 5, 5.0)
(5, 17, 7, 6.324555320336759)
(5, 17, 9, 1.0)
(5, 17, 10, 3.1622776601683795)
(5, 17, 18, 4.47213595499958)
(5, 17, 19, 4.123105625617661)
(5, 17, 20, 5.385164807134504)
(6, 17, 9, 3.1622776601683795)
(6, 17, 12, 1.4142135623730951)
(6, 17, 16, 5.385164807134504)
(6, 17, 18, 6.0)
(7, 17, 3, 4.0)
(7, 17, 4, 5.0990195135927845)
(7, 17, 5, 6.324555320336759)
(7, 17, 9, 1.0)
(7, 17, 10, 3.605551275463989)
(7, 17, 13, 5.0)
(7, 17, 18, 3.0)
(8, 17, 1, 3.1622776601683795)
(8, 17, 3, 1.4142135623730951)
(8, 17, 4, 2.23606797749979)
(8, 17, 5, 3.605551275463989)
(8, 17, 9, 1.0)
(8, 17, 13, 2.8284271247461903)
(8, 17, 18, 3.605551275463989)
(8, 17, 19, 4.123105625617661)
(9, 17, 3, 1.4142135623730951)
(9, 17, 4, 2.0)
(9, 17, 5, 2.8284271247461903)
(9, 17, 7, 3.0)
(9, 17, 9, 1.0)
(9, 17, 10, 3.1622776601683795)
(9, 17, 13, 2.23606797749979)
(9, 17, 18, 4.242640687119285)
(10, 17, 1, 3.0)
(10, 17, 3, 5.0990195135927845)
(10, 17, 4, 2.0)
(10, 17, 5, 2.8284271247461903)
(10, 17, 9, 1.0)
(10, 17, 13, 2.23606797749979)
(10, 17, 19, 4.123105625617661)
(11, 17, 1, 3.1622776601683795)
(11, 17, 4, 3.1622776601683795)
(11, 17, 5, 5.656854249492381)
(11, 17, 7, 4.0)
(11, 17, 9, 1.0)
(11, 17, 10, 4.47213595499958)
(11, 17, 13, 4.47213595499958)
(11, 17, 16, 4.47213595499958)
(11, 17, 18, 3.605551275463989)
(12, 17, 1, 5.0)
(12, 17, 3, 4.123105625617661)
(12, 17, 4, 4.47213595499958)
(12, 17, 9, 1.0)
(12, 17, 13, 5.830951894845301)
(12, 17, 16, 6.0)
(12, 17, 18, 5.656854249492381)
(12, 17, 19, 6.324555320336759)
(12, 17, 20, 4.242640687119285)
(13, 17, 1, 5.0)
(13, 17, 3, 2.23606797749979)
(13, 17, 4, 4.47213595499958)
(13, 17, 5, 5.0)
(13, 17, 6, 3.0)
(13, 17, 9, 1.4142135623730951)
(13, 17, 10, 4.47213595499958)
(13, 17, 13, 4.242640687119285)
(13, 17, 18, 6.324555320336759)
(14, 17, 1, 4.242640687119285)
(14, 17, 3, 5.385164807134504)
(14, 17, 6, 1.4142135623730951)
(14, 17, 9, 2.8284271247461903)
(14, 17, 10, 2.0)
(14, 17, 16, 4.123105625617661)
(14, 17, 18, 5.0)
(14, 17, 19, 1.4142135623730951)
(15, 17, 1, 6.324555320336759)
(15, 17, 3, 3.0)
(15, 17, 4, 2.23606797749979)
(15, 17, 5, 3.605551275463989)
(15, 17, 9, 1.0)
(15, 17, 10, 5.0990195135927845)
(15, 17, 13, 2.8284271247461903)
(15, 17, 19, 4.47213595499958)
(16, 17, 1, 5.0990195135927845)
(16, 17, 3, 2.23606797749979)
(16, 17, 5, 6.4031242374328485)
(16, 17, 6, 5.385164807134504)
(16, 17, 10, 3.605551275463989)
(16, 17, 13, 5.0)
(16, 17, 18, 5.656854249492381)
(16, 17, 19, 3.605551275463989)
(17, 17, 3, 2.8284271247461903)
(17, 17, 4, 1.4142135623730951)
(17, 17, 5, 5.0)
(17, 17, 6, 5.656854249492381)
(17, 17, 7, 3.1622776601683795)
(17, 17, 9, 1.0)
(17, 17, 10, 4.123105625617661)
(18, 17, 1, 4.47213595499958)
(18, 17, 3, 3.605551275463989)
(18, 17, 5, 5.656854249492381)
(18, 17, 6, 5.0)
(18, 17, 7, 4.123105625617661)
(18, 17, 9, 1.0)
(18, 17, 10, 4.0)
(18, 17, 13, 5.0)
(18, 17, 18, 6.324555320336759)
(18, 17, 19, 3.1622776601683795)
(19, 17, 1, 4.47213595499958)
(19, 17, 3, 3.605551275463989)
(19, 17, 5, 5.656854249492381)
(19, 17, 6, 5.0)
(19, 17, 7, 4.123105625617661)
(19, 17, 9, 1.0)
(19, 17, 13, 5.0)
(19, 17, 18, 5.385164807134504)
(19, 17, 19, 4.0)
(20, 17, 1, 5.0990195135927845)
(20, 17, 3, 3.1622776601683795)
(20, 17, 4, 4.47213595499958)
(20, 17, 5, 5.830951894845301)
(20, 17, 9, 1.0)
(20, 17, 13, 4.242640687119285)
(20, 17, 19, 4.47213595499958)
(21, 17, 3, 3.605551275463989)
(21, 17, 4, 2.23606797749979)
(21, 17, 5, 5.656854249492381)
(21, 17, 9, 1.0)
(21, 17, 10, 6.082762530298219)
(21, 17, 13, 5.0)
(22, 17, 1, 5.830951894845301)
(22, 17, 3, 3.605551275463989)
(22, 17, 5, 3.1622776601683795)
(22, 17, 9, 1.0)
(22, 17, 10, 6.0)
(22, 17, 13, 4.123105625617661)
(22, 17, 19, 5.385164807134504)
(23, 17, 3, 3.605551275463989)
(23, 17, 19, 3.605551275463989)
(23, 17, 21, 5.830951894845301)
(24, 17, 1, 6.082762530298219)
(24, 17, 3, 3.1622776601683795)
(24, 17, 5, 3.1622776601683795)
(24, 17, 7, 4.242640687119285)
(24, 17, 9, 1.0)
(24, 17, 10, 5.0990195135927845)
(24, 17, 19, 3.605551275463989)
(25, 17, 1, 6.082762530298219)
(25, 17, 3, 3.1622776601683795)
(25, 17, 4, 2.23606797749979)
(25, 17, 9, 1.0)
(25, 17, 10, 5.0990195135927845)
(25, 17, 13, 3.605551275463989)
(25, 17, 19, 3.605551275463989)
(25, 17, 21, 5.830951894845301)
(26, 17, 1, 6.324555320336759)
(26, 17, 3, 5.0)
(26, 17, 6, 4.123105625617661)
(26, 17, 20, 6.0)
(26, 17, 21, 6.324555320336759)
(1, 18, 5, 5.656854249492381)
(1, 18, 11, 2.23606797749979)
(1, 18, 19, 6.324555320336759)
(1, 18, 20, 1.0)
(2, 18, 10, 4.0)
(2, 18, 11, 2.8284271247461903)
(2, 18, 16, 2.8284271247461903)
(2, 18, 19, 4.0)
(2, 18, 20, 1.4142135623730951)
(3, 18, 1, 5.0)
(3, 18, 10, 5.385164807134504)
(3, 18, 11, 2.8284271247461903)
(3, 18, 12, 3.605551275463989)
(3, 18, 17, 6.0)
(3, 18, 20, 1.0)
(4, 18, 1, 4.0)
(4, 18, 10, 5.0)
(4, 18, 11, 2.8284271247461903)
(4, 18, 12, 3.605551275463989)
(4, 18, 15, 3.0)
(4, 18, 17, 5.830951894845301)
(4, 18, 19, 4.0)
(4, 18, 20, 1.0)
(5, 18, 10, 4.242640687119285)
(5, 18, 17, 5.0)
(5, 18, 19, 2.23606797749979)
(5, 18, 20, 1.4142135623730951)
(5, 18, 21, 1.0)
(6, 18, 4, 5.385164807134504)
(6, 18, 5, 5.830951894845301)
(6, 18, 8, 1.0)
(6, 18, 9, 3.605551275463989)
(6, 18, 11, 1.4142135623730951)
(6, 18, 16, 6.4031242374328485)
(6, 18, 17, 4.47213595499958)
(7, 18, 1, 3.605551275463989)
(7, 18, 5, 5.830951894845301)
(7, 18, 10, 2.8284271247461903)
(7, 18, 12, 2.23606797749979)
(7, 18, 17, 5.0)
(7, 18, 19, 2.23606797749979)
(7, 18, 21, 2.0)
(8, 18, 1, 2.8284271247461903)
(8, 18, 5, 6.082762530298219)
(8, 18, 13, 4.47213595499958)
(8, 18, 16, 4.242640687119285)
(8, 18, 17, 6.082762530298219)
(8, 18, 19, 3.605551275463989)
(8, 18, 20, 1.0)
(8, 18, 21, 3.0)
(9, 18, 1, 2.23606797749979)
(9, 18, 5, 6.324555320336759)
(9, 18, 10, 3.1622776601683795)
(9, 18, 11, 6.4031242374328485)
(9, 18, 12, 4.242640687119285)
(9, 18, 13, 6.082762530298219)
(9, 18, 16, 2.8284271247461903)
(9, 18, 17, 6.0)
(9, 18, 19, 4.0)
(9, 18, 20, 1.0)
(10, 18, 19, 5.0990195135927845)
(11, 18, 1, 2.8284271247461903)
(11, 18, 5, 5.830951894845301)
(11, 18, 10, 2.0)
(11, 18, 13, 4.123105625617661)
(11, 18, 16, 2.8284271247461903)
(11, 18, 17, 3.1622776601683795)
(11, 18, 19, 2.23606797749979)
(11, 18, 20, 1.0)
(11, 18, 21, 1.0)
(12, 18, 1, 2.0)
(12, 18, 5, 5.385164807134504)
(12, 18, 9, 3.0)
(12, 18, 10, 2.23606797749979)
(12, 18, 13, 3.605551275463989)
(12, 18, 15, 1.0)
(12, 18, 16, 3.605551275463989)
(12, 18, 17, 3.0)
(12, 18, 19, 4.0)
(12, 18, 20, 1.4142135623730951)
(12, 18, 21, 1.0)
(13, 18, 1, 2.0)
(13, 18, 10, 3.0)
(13, 18, 13, 5.830951894845301)
(13, 18, 16, 2.8284271247461903)
(13, 18, 17, 5.0)
(13, 18, 19, 3.605551275463989)
(13, 18, 20, 1.0)
(13, 18, 21, 1.4142135623730951)
(14, 18, 1, 1.4142135623730951)
(14, 18, 5, 6.082762530298219)
(14, 18, 8, 1.0)
(14, 18, 10, 4.242640687119285)
(14, 18, 13, 2.23606797749979)
(14, 18, 14, 4.47213595499958)
(14, 18, 16, 3.0)
(14, 18, 17, 5.656854249492381)
(14, 18, 19, 6.324555320336759)
(14, 18, 20, 1.0)
(15, 18, 1, 1.0)
(15, 18, 6, 2.0)
(15, 18, 8, 1.0)
(15, 18, 9, 2.0)
(15, 18, 10, 4.47213595499958)
(15, 18, 11, 5.830951894845301)
(15, 18, 13, 2.8284271247461903)
(15, 18, 16, 3.1622776601683795)
(15, 18, 19, 6.4031242374328485)
(15, 18, 20, 1.4142135623730951)
(15, 18, 21, 2.23606797749979)
(16, 18, 1, 2.0)
(16, 18, 6, 1.0)
(16, 18, 9, 1.4142135623730951)
(16, 18, 10, 3.0)
(16, 18, 13, 3.1622776601683795)
(16, 18, 14, 3.1622776601683795)
(16, 18, 16, 4.123105625617661)
(16, 18, 17, 2.23606797749979)
(16, 18, 19, 5.385164807134504)
(16, 18, 20, 1.0)
(17, 18, 1, 1.0)
(17, 18, 6, 1.4142135623730951)
(17, 18, 8, 2.0)
(17, 18, 9, 2.23606797749979)
(17, 18, 10, 3.605551275463989)
(17, 18, 13, 3.0)
(17, 18, 14, 5.0990195135927845)
(17, 18, 16, 4.47213595499958)
(17, 18, 19, 6.082762530298219)
(17, 18, 20, 1.4142135623730951)
(18, 18, 1, 1.4142135623730951)
(18, 18, 5, 6.4031242374328485)
(18, 18, 6, 2.23606797749979)
(18, 18, 8, 1.0)
(18, 18, 10, 3.0)
(18, 18, 11, 5.385164807134504)
(18, 18, 13, 2.23606797749979)
(18, 18, 17, 1.4142135623730951)
(18, 18, 19, 4.0)
(18, 18, 20, 1.0)
(18, 18, 21, 2.0)
(19, 18, 1, 2.23606797749979)
(19, 18, 6, 2.23606797749979)
(19, 18, 10, 5.0)
(19, 18, 13, 2.23606797749979)
(19, 18, 16, 3.1622776601683795)
(19, 18, 17, 3.0)
(19, 18, 19, 6.4031242374328485)
(19, 18, 20, 1.0)
(19, 18, 21, 1.4142135623730951)
(20, 18, 1, 3.605551275463989)
(20, 18, 6, 2.23606797749979)
(20, 18, 8, 1.4142135623730951)
(20, 18, 11, 4.242640687119285)
(20, 18, 13, 2.23606797749979)
(20, 18, 14, 5.0)
(20, 18, 15, 2.0)
(20, 18, 19, 6.4031242374328485)
(20, 18, 20, 1.0)
(20, 18, 21, 1.4142135623730951)
(21, 18, 1, 2.23606797749979)
(21, 18, 6, 2.8284271247461903)
(21, 18, 8, 1.4142135623730951)
(21, 18, 11, 4.0)
(21, 18, 13, 2.23606797749979)
(21, 18, 15, 2.0)
(21, 18, 19, 6.324555320336759)
(21, 18, 20, 1.0)
(21, 18, 21, 1.0)
(22, 18, 1, 2.23606797749979)
(22, 18, 6, 2.23606797749979)
(22, 18, 8, 1.4142135623730951)
(22, 18, 11, 5.0990195135927845)
(22, 18, 13, 2.8284271247461903)
(22, 18, 16, 2.23606797749979)
(22, 18, 19, 5.0)
(22, 18, 20, 1.0)
(22, 18, 21, 1.0)
(23, 18, 1, 5.656854249492381)
(23, 18, 6, 2.23606797749979)
(23, 18, 13, 2.0)
(23, 18, 20, 1.4142135623730951)
(24, 18, 1, 4.47213595499958)
(24, 18, 6, 2.8284271247461903)
(24, 18, 10, 4.242640687119285)
(24, 18, 13, 2.23606797749979)
(24, 18, 14, 3.605551275463989)
(24, 18, 15, 2.0)
(24, 18, 16, 3.0)
(24, 18, 20, 1.0)
(24, 18, 21, 1.0)
(25, 18, 1, 2.8284271247461903)
(25, 18, 6, 3.1622776601683795)
(25, 18, 8, 2.23606797749979)
(25, 18, 11, 6.4031242374328485)
(25, 18, 13, 3.605551275463989)
(25, 18, 16, 4.0)
(25, 18, 20, 2.0)
(25, 18, 21, 1.4142135623730951)
(26, 18, 1, 5.0)
(26, 18, 6, 2.23606797749979)
(26, 18, 13, 2.23606797749979)
(26, 18, 15, 1.4142135623730951)
(26, 18, 20, 1.0)
(26, 18, 21, 2.8284271247461903)
(1, 19, 1, 6.082762530298219)
(1, 19, 5, 6.324555320336759)
(1, 19, 12, 2.0)
(1, 19, 18, 4.123105625617661)
(1, 19, 20, 4.0)
(2, 19, 3, 5.0)
(2, 19, 4, 2.0)
(2, 19, 7, 3.1622776601683795)
(2, 19, 12, 1.0)
(2, 19, 13, 3.1622776601683795)
(2, 19, 17, 4.47213595499958)
(2, 19, 18, 3.1622776601683795)
(2, 19, 20, 3.1622776601683795)
(3, 19, 3, 5.0990195135927845)
(3, 19, 5, 4.123105625617661)
(3, 19, 7, 3.0)
(3, 19, 12, 1.0)
(3, 19, 13, 4.47213595499958)
(3, 19, 17, 5.830951894845301)
(3, 19, 20, 3.1622776601683795)
(4, 19, 1, 3.1622776601683795)
(4, 19, 3, 4.0)
(4, 19, 4, 1.0)
(4, 19, 5, 3.0)
(4, 19, 7, 3.1622776601683795)
(4, 19, 10, 4.123105625617661)
(4, 19, 12, 1.0)
(4, 19, 13, 2.0)
(4, 19, 17, 4.0)
(4, 19, 18, 4.47213595499958)
(4, 19, 20, 2.23606797749979)
(5, 19, 3, 4.242640687119285)
(5, 19, 4, 1.4142135623730951)
(5, 19, 7, 2.23606797749979)
(5, 19, 10, 3.605551275463989)
(5, 19, 12, 2.0)
(5, 19, 13, 2.8284271247461903)
(5, 19, 17, 4.0)
(5, 19, 18, 5.0)
(5, 19, 20, 3.0)
(5, 19, 21, 2.0)
(7, 19, 4, 2.8284271247461903)
(7, 19, 10, 4.242640687119285)
(7, 19, 12, 2.0)
(7, 19, 13, 4.0)
(7, 19, 16, 5.830951894845301)
(7, 19, 18, 4.0)
(8, 19, 1, 3.605551275463989)
(8, 19, 4, 3.1622776601683795)
(8, 19, 10, 3.0)
(8, 19, 12, 2.0)
(8, 19, 13, 4.242640687119285)
(8, 19, 17, 5.0)
(8, 19, 18, 3.1622776601683795)
(9, 19, 4, 2.23606797749979)
(9, 19, 5, 3.605551275463989)
(9, 19, 12, 2.0)
(9, 19, 13, 3.605551275463989)
(9, 19, 18, 5.0)
(9, 19, 20, 4.123105625617661)
(9, 19, 21, 2.23606797749979)
(10, 19, 5, 4.123105625617661)
(10, 19, 12, 2.0)
(10, 19, 13, 4.123105625617661)
(10, 19, 16, 4.242640687119285)
(10, 19, 17, 5.0990195135927845)
(10, 19, 18, 5.0)
(10, 19, 20, 4.242640687119285)
(11, 19, 1, 4.47213595499958)
(11, 19, 3, 5.0)
(11, 19, 6, 4.0)
(11, 19, 10, 3.0)
(11, 19, 12, 2.0)
(11, 19, 13, 3.605551275463989)
(11, 19, 18, 4.123105625617661)
(12, 19, 1, 4.123105625617661)
(12, 19, 3, 5.0)
(12, 19, 4, 3.1622776601683795)
(12, 19, 5, 4.242640687119285)
(12, 19, 6, 4.0)
(12, 19, 7, 5.830951894845301)
(12, 19, 12, 2.0)
(12, 19, 17, 5.385164807134504)
(12, 19, 18, 4.0)
(12, 19, 20, 4.123105625617661)
(13, 19, 1, 5.656854249492381)
(13, 19, 3, 5.656854249492381)
(13, 19, 4, 3.0)
(13, 19, 6, 4.0)
(13, 19, 10, 5.0)
(13, 19, 12, 2.0)
(13, 19, 13, 5.385164807134504)
(13, 19, 18, 4.47213595499958)
(14, 19, 1, 4.47213595499958)
(14, 19, 3, 5.0990195135927845)
(14, 19, 5, 5.0)
(14, 19, 6, 4.0)
(14, 19, 10, 4.47213595499958)
(14, 19, 12, 2.0)
(14, 19, 13, 4.242640687119285)
(14, 19, 17, 6.324555320336759)
(14, 19, 18, 6.082762530298219)
(15, 19, 1, 4.0)
(15, 19, 3, 5.0)
(15, 19, 4, 4.0)
(15, 19, 5, 6.324555320336759)
(15, 19, 10, 2.23606797749979)
(15, 19, 12, 2.0)
(15, 19, 17, 5.830951894845301)
(15, 19, 18, 5.0)
(16, 19, 1, 5.0990195135927845)
(16, 19, 3, 5.0)
(16, 19, 5, 5.656854249492381)
(16, 19, 6, 4.0)
(16, 19, 11, 6.324555320336759)
(16, 19, 12, 2.0)
(16, 19, 13, 4.242640687119285)
(16, 19, 17, 6.0)
(16, 19, 18, 5.0)
(17, 19, 1, 3.605551275463989)
(17, 19, 3, 5.385164807134504)
(17, 19, 4, 3.0)
(17, 19, 5, 5.0)
(17, 19, 6, 4.0)
(17, 19, 12, 2.0)
(17, 19, 13, 4.47213595499958)
(17, 19, 18, 5.830951894845301)
(18, 19, 1, 5.0990195135927845)
(18, 19, 3, 5.385164807134504)
(18, 19, 4, 3.0)
(18, 19, 5, 5.385164807134504)
(18, 19, 6, 4.0)
(18, 19, 13, 4.242640687119285)
(18, 19, 17, 6.324555320336759)
(18, 19, 18, 5.0990195135927845)
(19, 19, 1, 5.0)
(19, 19, 3, 5.0)
(19, 19, 5, 4.0)
(19, 19, 6, 4.0)
(19, 19, 10, 3.1622776601683795)
(19, 19, 17, 4.47213595499958)
(19, 19, 18, 4.47213595499958)
(20, 19, 1, 5.0)
(20, 19, 3, 5.656854249492381)
(20, 19, 6, 4.0)
(20, 19, 7, 5.656854249492381)
(20, 19, 17, 5.0)
(20, 19, 18, 5.830951894845301)
(21, 19, 3, 5.385164807134504)
(21, 19, 5, 6.082762530298219)
(21, 19, 10, 3.1622776601683795)
(21, 19, 13, 5.830951894845301)
(21, 19, 18, 4.47213595499958)
(22, 19, 1, 3.605551275463989)
(22, 19, 3, 6.082762530298219)
(22, 19, 5, 5.830951894845301)
(22, 19, 6, 4.123105625617661)
(22, 19, 13, 5.0)
(22, 19, 17, 5.385164807134504)
(22, 19, 18, 5.0)
(23, 19, 1, 4.47213595499958)
(23, 19, 6, 5.0)
(23, 19, 17, 5.385164807134504)
(24, 19, 1, 5.0)
(24, 19, 3, 5.0)
(24, 19, 12, 2.0)
(24, 19, 13, 4.0)
(24, 19, 17, 6.324555320336759)
(25, 19, 3, 4.47213595499958)
(25, 19, 4, 3.1622776601683795)
(25, 19, 5, 5.656854249492381)
(25, 19, 10, 3.0)
(25, 19, 12, 2.0)
(25, 19, 17, 5.0)
(26, 19, 4, 4.242640687119285)
(26, 19, 12, 3.0)
(1, 20, 5, 4.123105625617661)
(1, 20, 11, 4.0)
(1, 20, 12, 5.385164807134504)
(1, 20, 16, 2.8284271247461903)
(1, 20, 18, 5.0)
(1, 20, 19, 2.0)
(2, 20, 1, 2.23606797749979)
(2, 20, 10, 5.0)
(2, 20, 11, 2.23606797749979)
(2, 20, 16, 4.242640687119285)
(2, 20, 17, 5.0990195135927845)
(2, 20, 18, 2.23606797749979)
(2, 20, 19, 4.47213595499958)
(3, 20, 1, 4.0)
(3, 20, 3, 5.0)
(3, 20, 4, 4.0)
(3, 20, 10, 5.656854249492381)
(3, 20, 11, 3.605551275463989)
(3, 20, 12, 4.123105625617661)
(3, 20, 13, 4.47213595499958)
(3, 20, 15, 3.605551275463989)
(3, 20, 16, 3.605551275463989)
(3, 20, 17, 6.0)
(3, 20, 18, 3.605551275463989)
(3, 20, 19, 5.0990195135927845)
(4, 20, 3, 5.0990195135927845)
(4, 20, 11, 4.242640687119285)
(4, 20, 12, 4.123105625617661)
(4, 20, 13, 5.385164807134504)
(4, 20, 14, 5.0)
(4, 20, 15, 4.47213595499958)
(4, 20, 16, 4.242640687119285)
(4, 20, 17, 6.082762530298219)
(4, 20, 18, 4.123105625617661)
(4, 20, 19, 4.0)
(5, 20, 3, 4.47213595499958)
(5, 20, 4, 4.123105625617661)
(5, 20, 7, 4.123105625617661)
(5, 20, 9, 4.242640687119285)
(5, 20, 10, 4.123105625617661)
(5, 20, 12, 3.605551275463989)
(5, 20, 13, 4.47213595499958)
(5, 20, 15, 4.123105625617661)
(5, 20, 16, 3.0)
(5, 20, 17, 5.0)
(5, 20, 18, 4.47213595499958)
(5, 20, 19, 4.47213595499958)
(5, 20, 21, 5.656854249492381)
(6, 20, 8, 3.605551275463989)
(6, 20, 11, 5.0990195135927845)
(6, 20, 15, 5.0)
(7, 20, 5, 5.0)
(7, 20, 10, 6.082762530298219)
(7, 20, 15, 6.324555320336759)
(7, 20, 16, 5.656854249492381)
(8, 20, 5, 3.1622776601683795)
(8, 20, 13, 3.0)
(8, 20, 15, 5.0)
(8, 20, 16, 3.1622776601683795)
(8, 20, 18, 5.0)
(8, 20, 21, 5.0)
(9, 20, 10, 6.324555320336759)
(9, 20, 12, 6.0)
(9, 20, 13, 5.656854249492381)
(9, 20, 15, 4.47213595499958)
(9, 20, 16, 3.605551275463989)
(9, 20, 18, 4.0)
(9, 20, 19, 4.47213595499958)
(9, 20, 21, 2.8284271247461903)
(10, 20, 1, 4.0)
(10, 20, 5, 4.47213595499958)
(10, 20, 13, 4.123105625617661)
(10, 20, 16, 4.242640687119285)
(10, 20, 19, 5.385164807134504)
(10, 20, 21, 3.1622776601683795)
(11, 20, 1, 3.605551275463989)
(11, 20, 5, 6.324555320336759)
(11, 20, 8, 4.0)
(11, 20, 9, 5.656854249492381)
(11, 20, 10, 6.324555320336759)
(11, 20, 11, 6.082762530298219)
(11, 20, 15, 4.123105625617661)
(11, 20, 16, 4.242640687119285)
(11, 20, 18, 5.0)
(11, 20, 21, 3.1622776601683795)
(12, 20, 1, 4.47213595499958)
(12, 20, 5, 3.605551275463989)
(12, 20, 8, 2.23606797749979)
(12, 20, 9, 2.23606797749979)
(12, 20, 13, 4.123105625617661)
(12, 20, 15, 2.0)
(12, 20, 16, 2.0)
(12, 20, 17, 2.8284271247461903)
(12, 20, 18, 2.8284271247461903)
(12, 20, 19, 4.123105625617661)
(12, 20, 21, 2.0)
(13, 20, 8, 5.0)
(13, 20, 14, 5.830951894845301)
(13, 20, 15, 6.082762530298219)
(13, 20, 16, 6.4031242374328485)
(13, 20, 18, 5.830951894845301)
(13, 20, 21, 5.830951894845301)
(14, 20, 8, 5.0)
(14, 20, 13, 5.0)
(14, 20, 15, 5.0990195135927845)
(14, 20, 16, 5.830951894845301)
(14, 20, 18, 5.385164807134504)
(15, 20, 15, 6.082762530298219)
(15, 20, 16, 6.324555320336759)
(15, 20, 18, 5.0990195135927845)
(15, 20, 21, 5.830951894845301)
(16, 20, 9, 5.656854249492381)
(16, 20, 13, 5.0990195135927845)
(16, 20, 15, 5.0)
(16, 20, 16, 4.47213595499958)
(16, 20, 18, 5.0)
(17, 20, 13, 6.324555320336759)
(17, 20, 15, 5.385164807134504)
(17, 20, 18, 5.830951894845301)
(18, 20, 6, 5.656854249492381)
(18, 20, 13, 4.47213595499958)
(18, 20, 14, 6.082762530298219)
(18, 20, 15, 4.123105625617661)
(18, 20, 16, 4.47213595499958)
(18, 20, 18, 3.1622776601683795)
(19, 20, 6, 5.385164807134504)
(19, 20, 13, 6.324555320336759)
(19, 20, 15, 6.0)
(19, 20, 16, 6.4031242374328485)
(19, 20, 18, 6.082762530298219)
(20, 20, 6, 6.082762530298219)
(20, 20, 8, 5.0)
(20, 20, 13, 5.385164807134504)
(20, 20, 15, 4.123105625617661)
(20, 20, 16, 5.830951894845301)
(20, 20, 18, 5.385164807134504)
(20, 20, 21, 4.47213595499958)
(21, 20, 6, 5.0990195135927845)
(21, 20, 8, 4.123105625617661)
(21, 20, 13, 5.0)
(21, 20, 14, 4.123105625617661)
(21, 20, 15, 3.0)
(21, 20, 18, 3.605551275463989)
(21, 20, 21, 4.47213595499958)
(22, 20, 8, 4.0)
(22, 20, 13, 6.4031242374328485)
(22, 20, 15, 5.385164807134504)
(22, 20, 16, 5.385164807134504)
(22, 20, 18, 4.47213595499958)
(22, 20, 21, 5.385164807134504)
(23, 20, 16, 6.4031242374328485)
(23, 20, 18, 6.4031242374328485)
(23, 20, 21, 4.242640687119285)
(24, 20, 6, 6.4031242374328485)
(24, 20, 8, 4.47213595499958)
(24, 20, 14, 6.082762530298219)
(24, 20, 15, 5.830951894845301)
(24, 20, 16, 5.830951894845301)
(24, 20, 18, 6.082762530298219)
(24, 20, 21, 5.0990195135927845)
(25, 20, 6, 4.47213595499958)
(25, 20, 13, 4.47213595499958)
(25, 20, 15, 4.47213595499958)
(25, 20, 16, 4.123105625617661)
(25, 20, 18, 5.830951894845301)
(25, 20, 21, 4.123105625617661)
(26, 20, 6, 6.4031242374328485)
(26, 20, 13, 5.0)
(26, 20, 15, 5.656854249492381)
(26, 20, 17, 6.0)
(26, 20, 18, 6.0)
(5, 21, 10, 2.8284271247461903)
(5, 21, 18, 5.656854249492381)
(5, 21, 19, 4.0)
(5, 21, 20, 2.8284271247461903)
(7, 21, 10, 3.605551275463989)
(7, 21, 11, 5.0990195135927845)
(7, 21, 18, 6.4031242374328485)
(8, 21, 10, 5.0990195135927845)
(8, 21, 18, 5.0)
(8, 21, 20, 6.082762530298219)
(9, 21, 10, 4.47213595499958)
(9, 21, 11, 4.123105625617661)
(9, 21, 19, 6.4031242374328485)
(9, 21, 20, 5.0)
(10, 21, 1, 6.324555320336759)
(10, 21, 20, 5.0)
(11, 21, 16, 4.123105625617661)
(11, 21, 18, 4.0)
(11, 21, 20, 6.4031242374328485)
(12, 21, 13, 6.324555320336759)
(12, 21, 18, 4.47213595499958)
(12, 21, 20, 4.0)
(13, 21, 1, 5.0)
(13, 21, 13, 6.324555320336759)
(13, 21, 16, 5.830951894845301)
(13, 21, 18, 6.0)
(13, 21, 20, 5.385164807134504)
(14, 21, 8, 6.082762530298219)
(14, 21, 12, 5.830951894845301)
(14, 21, 13, 5.0990195135927845)
(14, 21, 14, 6.082762530298219)
(14, 21, 16, 4.47213595499958)
(15, 21, 1, 6.082762530298219)
(15, 21, 8, 5.0990195135927845)
(15, 21, 16, 5.0)
(15, 21, 18, 4.47213595499958)
(15, 21, 20, 4.47213595499958)
(16, 21, 13, 5.656854249492381)
(16, 21, 14, 4.0)
(16, 21, 16, 5.0990195135927845)
(17, 21, 1, 6.4031242374328485)
(17, 21, 6, 2.8284271247461903)
(17, 21, 14, 5.385164807134504)
(17, 21, 16, 4.47213595499958)
(18, 21, 8, 5.0)
(18, 21, 13, 6.324555320336759)
(18, 21, 18, 3.605551275463989)
(19, 21, 6, 5.0)
(19, 21, 14, 4.123105625617661)
(19, 21, 15, 6.324555320336759)
(19, 21, 16, 2.8284271247461903)
(19, 21, 18, 5.0)
(20, 21, 8, 4.123105625617661)
(20, 21, 14, 6.4031242374328485)
(20, 21, 16, 6.4031242374328485)
(20, 21, 18, 6.082762530298219)
(20, 21, 20, 5.0990195135927845)
(21, 21, 8, 4.242640687119285)
(21, 21, 14, 3.1622776601683795)
(21, 21, 16, 3.1622776601683795)
(21, 21, 18, 4.242640687119285)
(21, 21, 20, 6.324555320336759)
(22, 21, 6, 6.082762530298219)
(22, 21, 14, 4.0)
(22, 21, 16, 2.8284271247461903)
(22, 21, 18, 4.123105625617661)
(22, 21, 20, 4.0)
(23, 21, 13, 5.830951894845301)
(23, 21, 14, 6.082762530298219)
(23, 21, 16, 3.605551275463989)
(23, 21, 17, 4.47213595499958)
(23, 21, 20, 6.082762530298219)
(24, 21, 8, 3.1622776601683795)
(24, 21, 14, 6.082762530298219)
(24, 21, 16, 3.605551275463989)
(24, 21, 18, 4.123105625617661)
(24, 21, 20, 3.1622776601683795)
(25, 21, 6, 5.0990195135927845)
(25, 21, 14, 4.0)
(25, 21, 16, 4.242640687119285)
(25, 21, 17, 4.123105625617661)
(25, 21, 18, 2.23606797749979)
(25, 21, 20, 2.8284271247461903)
(26, 21, 11, 4.0)
(26, 21, 13, 5.0)
(26, 21, 14, 4.0)
(26, 21, 16, 5.0)
(26, 21, 17, 2.8284271247461903)
(26, 21, 18, 5.830951894845301)
